1.104
1.323
1.477
1.483
1.488
1.96
1.972
2.036
2.216
2.326
2.406
2.718
2.747
2.884
2.918
3.138
3.152
3.509
3.621
3.684
3.74
3.862
4.061
4.644
4.651
4.971
4.984
5.111
5.143
5.399
5.51
5.597
5.802
5.821
5.988
5.992
6.108
6.151
6.162
6.18
6.214
6.329
6.37
6.387
6.783
6.882
6.981
7.04
7.141
7.18
7.242
7.26
7.33
7.344
7.557
7.6
7.692
7.862
7.996
8.163
8.279
8.37
8.454
8.596
8.688
8.708
8.772
9.068
9.243
9.629
9.85
9.943
9.96
10.138
10.343
10.407
10.485
10.509
10.544
10.663
10.715
10.744
10.831
10.952
10.969
11.017
11.087
11.126
11.273
11.361
11.453
11.634
11.684
11.815
11.839
12.004
12.127
12.352
12.358
12.507
12.543
12.574
12.616
12.735
12.925
13.102
13.123
13.226
13.291
13.407
13.413
13.591
13.605
13.786
13.814
13.862
13.871
14.016
14.026
14.051
14.136
14.277
14.379
14.45
14.466
14.469
14.567
14.584
14.759
15.015
15.309
15.427
15.533
16.332
16.408
16.421
16.525
16.61
16.629
16.675
16.685
16.703
16.754
16.797
16.819
16.878
17.145
17.262
17.441
17.472
17.609
17.786
17.797
18.041
18.049
18.165
18.211
18.267
18.341
18.369
18.384
18.454
18.482
18.497
18.543
18.545
18.767
18.882
18.902
18.935
18.94
19.356
19.378
19.709
19.846
19.865
20.059
20.121
20.151
20.269
20.411
20.58
20.618
20.619
20.788
20.951
21.182
21.218
21.278
21.286
21.375
21.533
21.618
21.853
21.88
21.922
21.929
22.108
22.108
22.166
22.258
22.284
22.293
22.478
22.583
22.603
22.635
22.813
22.847
22.883
23.009
23.05
23.162
23.183
23.207
23.273
23.275
23.35
23.356
23.394
23.704
23.706
23.706
23.933
24.051
24.203
24.217
24.298
24.347
24.417
24.429
24.467
24.727
24.79
24.927
24.941
25.031
25.142
25.289
25.415
25.452
25.861
26.011
26.135
26.475
26.56
26.729
26.803
26.913
27.005
27.273
27.341
27.375
27.804
27.942
28.023
28.03
28.201
28.311
28.564
28.681
28.77
28.841
29.004
29.099
29.226
29.353
29.475
29.637
29.67
29.825
29.825
30.046
30.068
30.231
30.239
30.635
30.811
30.828
30.832
30.87
30.87
30.888
31.031
31.032
31.099
31.236
31.429
31.453
31.522
31.576
31.908
31.938
32.2
32.355
32.473
32.481
32.682
32.689
33.124
33.253
33.257
33.311
33.342
33.373
33.693
33.736
33.834
33.883
33.914
34.141
34.331
34.377
34.378
34.422
34.444
34.599
34.602
34.61
34.652
34.709
34.777
34.842
34.957
35.026
35.042
35.064
35.143
35.151
35.196
35.29
35.362
35.37
35.434
35.489
35.724
35.849
36.006
36.081
36.082
36.392
36.43
36.664
36.729
36.758
36.866
37.022
37.14
37.142
37.235
37.255
37.269
37.408
37.442
37.523
37.571
37.6
38.103
38.119
38.155
38.212
38.336
38.424
38.587
38.916
38.986
39.029
39.088
39.225
39.376
39.849
40.04
40.047
40.163
40.193
40.195
40.195
40.268
40.297
40.459
40.598
40.657
40.675
40.773
40.813
40.829
40.891
40.964
40.998
41.067
41.412
41.42
41.429
41.597
41.766
41.888
41.905
41.957
41.998
42.007
42.25
42.367
42.52
42.561
42.599
42.614
42.953
42.956
42.973
42.999
43.126
43.168
43.326
43.374
43.632
43.672
44.072
44.253
44.268
44.295
44.394
44.471
44.664
44.769
44.984
44.993
45.063
45.089
45.111
45.128
45.247
45.344
45.438
45.51
45.584
45.639
45.732
45.757
45.776
45.96
45.964
46.014
46.024
46.035
46.108
46.193
46.334
46.549
46.793
47.14
47.181
47.224
47.513
47.53
47.833
47.922
47.925
48.007
48.11
48.11
48.373
48.478
48.543
48.608
48.701
48.84
48.939
49.028
49.198
49.305
49.35
49.572
49.829
49.874
49.949
50.17
50.22
50.259
50.421
50.457
50.473
50.601
50.646
51.132
51.15
51.198
51.303
51.372
51.522
51.58
51.64
51.64
51.757
51.967
52.049
52.092
52.121
52.21
52.285
52.324
52.457
52.487
52.571
52.656
52.944
53.026
53.141
53.159
53.212
53.415
53.56
53.802
53.822
53.914
53.966
54.015
54.022
54.038
54.073
54.158
54.198
54.249
54.281
54.295
54.315
54.342
54.39
54.441
54.459
54.519
54.576
54.707
54.78
54.995
55.083
55.088
55.097
55.107
55.217
55.285
55.506
55.521
55.619
55.638
55.689
55.889
55.894
55.923
55.986
56.07
56.161
56.167
56.176
56.262
56.265
56.382
56.463
56.494
56.89
56.947
56.989
57.131
57.204
57.257
57.26
57.383
57.431
57.454
57.617
57.75
58.123
58.131
58.18
58.434
58.445
58.464
58.913
58.92
59.025
59.051
59.151
59.33
59.574
59.67
59.769
59.917
59.93
60.046
60.103
60.18
60.23
60.38
60.605
60.664
60.667
60.693
60.734
60.743
61.014
61.171
61.61
61.667
61.686
61.823
61.849
61.865
61.913
61.987
62.111
62.335
62.466
62.537
62.594
62.619
62.669
62.754
62.761
62.806
62.896
63.16
63.319
63.451
63.701
63.913
63.959
64.197
64.233
64.3
64.336
64.411
64.448
64.471
64.523
64.676
64.705
64.906
64.963
65.195
65.218
65.229
65.369
65.524
65.633
65.681
65.901
66.045
66.241
66.261
66.365
66.474
66.575
66.646
66.812
66.967
67.52
67.846
67.989
68.345
68.367
68.394
68.538
68.544
68.589
69.003
69.022
69.098
69.166
69.417
69.452
69.674
69.77
69.849
70.327
70.875
70.877
70.882
71.252
71.631
71.796
71.809
71.824
71.899
72.017
72.276
72.561
72.566
72.579
72.632
72.709
72.713
73.036
73.094
73.275
73.41
73.449
73.661
73.891
73.935
74.009
74.011
74.104
74.196
74.342
74.394
74.432
74.655
74.71
74.805
74.893
74.949
75.059
75.205
75.355
75.394
75.412
75.521
75.54
75.592
75.621
75.802
75.864
76.022
76.031
76.309
76.348
76.363
76.515
76.57
76.647
76.728
76.747
76.902
76.936
77.148
77.233
77.235
77.272
77.301
77.344
77.438
77.544
77.565
77.745
77.826
77.911
77.963
78.247
78.343
78.35
78.471
78.498
78.669
78.915
78.973
79.019
79.097
79.127
79.204
79.226
79.32
79.348
79.417
79.54
79.68
79.726
79.76
79.761
79.839
79.966
80.009
80.491
80.59
80.641
80.646
80.673
80.673
80.964
81.005
81.1
81.254
81.463
81.507
81.54
81.554
81.681
81.702
81.728
81.968
82.063
82.655
82.705
82.748
82.95
82.992
83.049
83.177
83.422
83.546
83.578
83.801
84.025
84.056
84.166
84.17
84.199
84.317
84.367
84.379
84.627
84.773
85.04
85.113
85.27
85.276
85.286
85.379
85.424
85.429
85.525
85.58
85.611
85.647
85.652
85.76
85.834
85.947
86.134
86.184
86.247
86.407
86.511
86.574
86.814
86.823
86.828
86.852
86.912
87.015
87.174
87.218
87.279
87.365
87.504
87.89
87.998
88.022
88.114
88.126
88.189
88.193
88.336
88.378
88.402
88.576
88.608
88.668
88.705
89.345
89.392
89.484
89.528
89.896
90.362
90.407
90.418
90.606
90.739
90.845
90.882
90.968
91.063
91.152
91.216
91.34
91.438
91.465
91.503
91.514
91.673
91.695
91.73
91.811
91.824
91.905
92.162
92.166
92.231
92.321
92.421
92.428
92.651
92.745
92.784
92.791
92.918
92.93
93.087
93.093
93.097
93.118
93.213
93.224
93.346
93.415
93.43
93.432
93.73
93.985
94.057
94.19
94.256
94.274
94.285
94.292
94.3
94.338
94.373
94.437
94.537
94.59
94.6
94.707
94.712
94.718
95.013
95.137
95.153
95.219
95.236
95.288
95.464
95.47
95.514
95.572
95.604
95.638
95.756
95.957
96.163
96.334
96.352
96.478
96.496
96.562
96.564
96.724
96.742
96.769
96.784
96.847
97.067
97.139
97.184
97.191
97.247
97.39
97.408
97.459
97.475
98.258
98.32
98.538
98.923
98.996
99.054
99.076
99.129
99.544
99.57
99.594
99.61
99.709
99.783
99.846
99.936
99.978
100.178
100.288
100.472
100.58
100.611
100.697
100.73
100.765
100.792
100.814
100.84
100.909
100.955
101.369
101.436
101.483
101.506
101.547
101.558
101.678
101.885
101.958
102.07
102.199
102.251
102.402
102.482
102.485
102.534
102.544
102.653
102.749
102.813
102.837
103.071
103.123
103.265
103.354
103.374
103.381
103.449
103.501
103.511
103.604
103.605
103.859
103.894
103.966
104.041
104.06
104.152
104.257
104.443
104.444
104.63
104.683
104.685
104.732
104.842
104.911
105.008
105.126
105.198
105.258
105.263
105.398
105.441
105.497
105.715
105.727
105.896
105.982
106.324
106.416
106.889
107.011
107.104
107.294
107.328
107.349
107.411
107.504
107.6
107.656
107.672
107.702
107.782
107.933
107.991
108.001
108.06
108.117
108.17
108.201
108.254
108.258
108.411
108.479
108.589
108.605
108.614
108.623
108.895
108.969
109.044
109.156
109.175
109.2
109.289
109.456
109.614
110.101
110.366
110.414
110.45
110.467
110.682
110.693
110.798
110.804
110.923
110.938
111.007
111.152
111.327
111.466
111.616
111.852
112.004
112.137
112.264
112.282
112.363
112.412
112.451
112.558
112.676
112.804
112.857
112.888
112.903
113.011
113.077
113.168
113.302
113.315
113.352
113.38
113.517
113.563
113.811
113.947
114.012
114.043
114.108
114.128
114.414
114.56
114.594
114.604
115.099
115.147
115.201
115.35
115.561
115.758
115.828
116.105
116.545
116.668
116.696
116.758
116.864
116.99
117.019
117.069
117.15
117.267
117.352
117.367
117.38
117.467
117.509
117.581
117.63
117.677
117.732
117.923
117.963
117.999
118.33
118.487
118.49
118.621
118.769
118.976
119.045
119.07
119.376
119.381
119.417
119.444
119.775
119.937
120.099
120.187
120.423
120.964
121.089
121.473
121.557
121.69
121.71
121.715
121.723
121.744
121.744
122.094
122.142
122.161
122.185
122.252
122.327
122.409
122.42
122.59
122.621
122.72
122.868
123.186
123.218
123.282
123.365
123.495
123.51
123.894
123.917
124.061
124.067
124.084
124.203
124.427
124.449
124.686
124.688
124.715
124.859
124.922
124.928
124.938
124.947
124.949
125.133
125.318
125.599
125.707
125.8
125.962
126.119
126.128
126.142
126.168
126.226
126.251
126.258
126.594
126.702
126.783
126.933
127.08
127.141
127.18
127.255
127.365
127.411
127.693
127.76
128.012
128.051
128.102
128.233
128.265
128.298
128.518
128.547
128.585
128.596
128.605
128.649
128.659
128.719
128.904
129.347
129.463
129.808
130.094
130.214
130.235
130.267
130.337
130.478
130.697
130.698
130.743
130.804
130.854
130.866
130.934
131.007
131.033
131.034
131.082
131.125
131.21
131.238
131.258
131.553
131.668
131.679
131.76
131.787
131.788
131.822
131.861
131.87
131.912
131.965
131.985
132.083
132.142
132.241
132.305
132.394
132.517
132.722
132.739
132.769
132.875
132.893
132.897
132.929
133.063
133.082
133.216
133.85
133.921
133.987
134.075
134.132
134.153
134.153
134.158
134.226
134.339
134.372
134.427
134.475
134.541
134.723
134.727
134.91
134.979
135.277
135.301
135.354
135.359
135.392
135.401
135.428
135.538
135.554
135.566
135.765
135.857
135.876
135.94
136.0
136.144
136.147
136.236
136.542
136.568
136.651
136.782
136.909
136.939
137.056
137.212
137.249
137.25
137.298
137.583
137.698
137.704
137.93
138.041
138.217
138.273
138.323
138.475
138.543
138.671
138.722
138.776
138.994
139.144
139.188
139.347
139.466
139.48
139.508
139.625
139.896
139.927
140.208
140.378
140.394
140.474
140.623
140.662
140.698
140.778
140.838
141.002
141.044
141.058
141.144
141.206
141.219
141.429
141.46
141.555
141.656
141.743
141.746
141.789
141.953
141.99
141.995
142.231
142.28
142.316
142.413
142.42
142.452
142.456
142.472
142.607
142.899
142.918
142.983
143.061
143.113
143.246
143.737
143.939
144.017
144.329
144.637
144.82
144.868
145.018
145.03
145.067
145.134
145.326
145.432
145.48
145.586
145.619
145.693
145.717
145.729
145.749
145.884
146.043
146.107
146.147
146.196
146.237
146.365
146.546
146.846
146.891
147.176
147.197
147.304
147.395
147.452
147.499
147.526
147.58
147.6
147.601
147.633
147.741
148.197
148.404
148.691
148.728
148.913
149.017
149.042
149.115
149.151
149.219
149.318
149.335
149.465
149.619
149.692
149.767
149.866
149.905
149.94
149.967
150.452
150.543
150.75
150.776
150.872
150.875
150.984
150.986
151.015
151.052
151.054
151.221
151.231
151.323
151.368
151.39
151.566
151.585
151.758
151.919
151.924
151.99
152.009
152.067
152.083
152.15
152.481
152.512
152.542
152.643
152.872
152.895
153.122
153.177
153.224
153.261
153.311
153.328
153.337
153.35
153.469
153.538
153.61
153.616
153.959
154.114
154.155
154.184
154.294
154.311
154.332
154.534
154.658
154.693
154.718
154.766
154.955
155.086
155.106
155.108
155.208
155.251
155.449
155.508
155.581
155.706
155.776
155.79
155.855
156.073
156.172
156.255
156.316
156.395
156.571
156.708
156.802
156.831
157.048
157.254
157.428
157.544
157.636
157.782
158.044
158.102
158.16
158.378
158.943
158.946
159.079
159.25
159.276
159.3
159.32
159.331
159.357
159.707
159.712
159.757
159.765
159.793
159.802
159.884
159.926
159.928
160.464
160.49
160.495
160.518
160.567
160.607
160.67
160.731
160.762
160.934
160.958
161.047
161.149
161.183
161.234
161.294
161.323
161.357
161.423
161.437
161.469
161.514
161.826
161.876
162.211
162.419
162.615
163.121
163.27
163.307
163.373
163.472
163.49
163.606
163.637
163.666
163.694
163.925
163.957
164.106
164.117
164.272
164.343
164.437
164.534
164.56
165.356
165.384
165.587
165.81
165.869
166.022
166.047
166.072
166.09
166.159
166.29
166.509
166.709
166.8
166.853
167.044
167.096
167.15
167.251
167.554
167.626
167.754
167.99
168.038
168.055
168.291
168.296
168.326
168.376
168.392
168.626
168.718
168.745
168.904
169.096
169.111
169.114
169.155
169.223
169.26
169.329
169.33
169.61
169.636
169.639
169.678
169.704
170.02
170.023
170.078
170.172
170.251
170.429
170.565
170.617
170.683
170.971
170.982
171.119
171.132
171.33
171.355
171.37
171.403
171.507
171.615
171.615
171.747
171.875
172.007
172.038
172.09
172.186
172.573
172.687
172.707
173.407
173.412
173.502
173.542
173.619
173.697
173.733
173.759
173.779
173.835
173.851
173.942
174.063
174.123
174.13
174.341
174.376
174.507
174.558
174.664
174.79
174.799
174.926
175.029
175.269
175.579
175.717
175.725
175.904
175.987
176.023
176.337
176.4
176.57
176.642
176.773
176.856
176.905
176.918
176.942
176.991
177.017
177.07
177.091
177.285
177.308
177.367
177.489
177.7
177.889
178.113
178.164
178.328
178.355
178.368
178.447
178.454
178.572
178.575
178.619
178.661
178.781
178.799
178.88
178.963
179.46
179.536
179.55
179.555
179.667
179.957
179.982
179.986
180.028
180.069
180.115
180.279
180.393
180.442
180.489
180.544
180.647
180.67
180.734
180.846
180.854
180.873
180.883
181.005
181.115
181.142
181.187
181.353
181.475
181.492
181.988
182.068
182.255
182.425
182.639
182.658
182.72
182.732
182.838
182.961
182.963
183.013
183.018
183.04
183.1
183.127
183.185
183.204
183.481
183.569
183.822
183.848
183.872
184.023
184.054
184.076
184.185
184.234
184.317
184.422
184.689
184.817
184.851
185.148
185.171
185.23
185.276
185.457
185.459
185.559
185.611
185.649
185.67
185.708
185.815
185.818
185.95
185.978
186.015
186.018
186.026
186.048
186.082
186.101
186.129
186.617
186.738
186.811
186.985
186.991
187.003
187.201
187.215
187.276
187.387
187.638
187.845
187.854
187.889
187.988
188.028
188.164
188.296
188.325
188.68
188.684
188.725
188.75
189.064
189.169
189.173
189.174
189.202
189.348
189.543
189.771
189.936
190.041
190.129
190.29
190.338
190.382
190.478
190.635
190.973
191.157
191.178
191.322
191.358
191.385
191.427
191.473
191.493
191.712
192.029
192.038
192.141
192.189
192.209
192.252
192.278
192.29
192.39
192.402
192.45
192.454
192.533
192.711
192.845
192.861
192.878
192.946
193.027
193.134
193.247
193.286
193.348
193.421
193.511
193.526
193.547
193.85
193.853
193.888
193.923
193.973
194.266
194.294
194.294
194.667
194.852
194.887
195.115
195.12
195.234
195.248
195.384
195.51
195.617
195.82
195.952
196.053
196.124
196.252
196.27
196.411
196.515
196.553
196.707
196.747
196.827
196.944
196.944
196.962
196.997
197.244
197.246
197.364
197.44
198.016
198.245
198.33
198.411
198.46
198.7
198.945
199.31
199.399
199.495
199.643
199.651
199.662
199.738
200.146
200.244
200.379
200.47
200.552
200.611
200.628
200.669
200.692
200.729
201.092
201.128
201.184
201.365
201.567
201.759
201.771
202.032
202.077
202.19
202.193
202.329
202.623
202.772
202.82
202.935
203.011
203.011
203.188
203.211
203.275
203.279
203.5
203.574
203.59
203.687
203.933
204.081
204.237
204.242
204.287
204.438
204.469
204.508
204.555
204.588
204.672
204.71
204.712
204.942
205.029
205.082
205.095
205.164
205.336
205.364
205.455
205.62
205.649
205.771
205.792
205.825
206.222
206.278
206.446
206.449
206.454
206.66
206.706
206.759
206.841
206.974
207.107
207.147
207.224
207.331
207.373
207.468
207.52
207.543
207.577
207.622
207.665
207.755
207.779
207.903
207.967
208.024
208.183
208.417
208.487
208.543
208.547
208.549
208.988
209.039
209.066
209.092
209.269
209.317
209.444
209.479
209.531
209.553
209.718
209.777
209.814
209.856
210.098
210.238
210.319
210.462
210.595
210.775
210.809
210.814
210.827
210.895
211.109
211.126
211.132
211.207
211.268
211.359
211.365
211.429
211.528
211.584
211.684
211.816
211.897
211.926
211.945
212.125
212.158
212.164
212.241
212.265
212.334
212.386
212.413
212.597
212.835
212.836
212.842
212.949
213.078
213.119
213.242
213.256
213.285
213.445
213.588
213.749
213.772
213.797
213.876
213.998
214.044
214.057
214.085
214.097
214.11
214.306
214.361
214.558
214.649
214.713
214.881
214.897
215.064
215.168
215.532
215.537
215.626
215.688
215.76
215.898
215.914
215.918
216.062
216.164
216.246
216.384
216.428
216.536
216.603
216.616
216.651
216.658
216.837
216.853
216.902
217.031
217.091
217.173
217.25
217.342
217.396
217.491
217.493
217.498
217.5
217.671
217.69
217.739
217.761
217.774
217.803
217.867
217.963
218.091
218.11
218.167
218.235
218.491
218.523
218.863
218.992
219.063
219.142
219.197
219.309
219.698
219.726
219.848
219.876
219.917
219.947
220.045
220.134
220.243
220.305
220.481
220.802
220.942
221.178
221.21
221.321
221.395
221.76
221.926
222.109
222.145
222.21
222.425
222.487
222.496
222.624
222.637
222.902
222.96
223.254
223.332
223.378
223.506
223.776
223.821
223.874
223.943
224.059
224.069
224.099
224.101
224.167
224.518
224.566
224.821
224.998
225.017
225.18
225.283
225.509
225.644
225.692
225.712
225.824
225.97
226.078
226.404
226.415
226.468
226.485
226.493
226.69
226.702
226.711
226.732
226.822
226.934
227.227
227.402
227.563
227.823
227.993
228.201
228.418
228.437
228.443
228.55
228.565
228.578
228.733
228.799
228.892
228.902
228.944
228.95
229.014
229.123
229.501
229.64
229.643
229.784
230.06
230.073
230.082
230.206
230.23
230.355
230.363
230.41
230.442
230.673
230.907
230.927
231.025
231.073
231.308
231.337
231.446
231.484
231.614
231.769
231.785
231.802
232.129
232.132
232.214
232.319
232.354
232.497
232.574
232.66
232.667
232.946
232.966
233.049
233.05
233.138
233.177
233.303
233.313
233.477
233.561
233.583
233.585
233.657
233.812
233.951
234.058
234.093
234.592
234.657
234.671
234.697
234.95
234.954
234.975
234.997
235.003
235.039
235.125
235.595
235.707
235.824
235.935
236.146
236.181
236.466
236.533
236.669
236.967
237.205
237.24
237.288
237.576
237.645
237.853
237.945
238.081
238.217
238.255
238.266
238.278
238.402
238.411
238.582
238.762
238.784
238.92
239.382
239.464
239.598
239.649
239.749
239.782
239.834
239.847
239.86
239.978
240.004
240.159
240.25
240.434
240.487
240.574
240.687
240.729
240.732
240.767
240.826
240.888
241.122
241.122
241.339
241.415
241.437
241.5
241.658
241.67
241.729
241.741
241.751
242.052
242.151
242.195
242.266
242.388
242.396
242.409
242.48
242.664
242.728
242.903
242.944
242.965
242.987
243.088
243.107
243.197
243.431
243.505
243.581
243.632
243.972
244.081
244.168
244.39
244.395
244.422
244.448
244.516
244.557
244.565
244.658
244.742
245.208
245.229
245.246
245.304
245.347
245.45
245.57
245.823
246.003
246.094
246.196
246.715
246.721
246.749
246.928
247.296
247.324
247.337
247.362
247.429
247.551
247.67
247.843
248.022
248.151
248.35
248.486
248.726
248.859
248.933
248.966
248.984
248.993
249.012
249.068
249.229
249.395
249.413
249.549
249.706
249.796
249.83
249.882
249.954
249.954
249.997
250.063
250.207
250.245
250.45
250.583
250.616
250.703
250.727
250.734
250.803
250.838
250.872
251.061
251.108
251.2
251.227
251.493
251.5
251.507
251.649
251.695
251.933
251.982
252.001
252.041
252.317
252.419
252.434
252.567
252.592
252.668
252.67
252.681
252.724
252.754
252.91
252.936
253.028
253.032
253.078
253.091
253.108
253.116
253.243
253.353
253.585
253.625
253.817
253.931
253.983
254.169
254.19
254.341
254.363
254.459
254.53
254.808
254.853
254.886
254.947
254.969
255.134
255.241
255.429
255.538
255.657
255.722
255.961
255.985
256.06
256.073
256.147
256.401
256.493
256.755
256.852
256.875
256.908
256.924
257.124
257.233
257.413
257.618
257.693
257.844
257.873
257.918
258.173
258.184
258.414
258.523
258.749
258.775
258.923
258.928
259.068
259.19
259.225
259.334
259.38
259.413
259.437
259.463
259.499
259.558
259.756
259.876
260.413
260.443
260.638
260.716
260.75
260.88
260.933
261.056
261.156
261.234
261.402
261.513
261.531
261.559
261.587
261.951
262.054
262.346
262.354
262.405
262.666
262.692
262.757
262.796
262.852
262.869
262.947
262.995
263.001
263.047
263.342
263.398
263.422
263.561
263.718
263.72
263.768
263.911
263.996
264.058
264.069
264.069
264.163
264.191
264.32
264.331
264.339
264.438
264.557
264.624
264.765
264.885
264.975
264.985
265.022
265.055
265.083
265.161
265.302
265.36
265.429
265.507
265.594
266.105
266.229
266.292
266.293
266.376
266.557
266.669
266.824
266.885
266.891
267.309
267.46
267.641
267.816
267.87
267.876
267.894
267.994
268.201
268.225
268.25
268.281
268.376
268.475
268.565
268.574
268.699
268.706
268.902
268.945
269.124
269.321
269.338
269.347
269.366
269.608
269.619
269.901
270.12
270.195
270.398
270.449
270.505
270.994
271.159
271.167
271.355
271.416
271.505
271.584
271.689
271.691
271.904
271.962
271.983
271.988
272.337
272.533
272.595
272.622
272.756
272.832
273.127
273.384
273.455
273.524
273.672
274.01
274.235
274.362
274.429
274.432
274.542
274.584
274.65
274.673
274.71
274.745
274.776
274.848
274.909
275.029
275.089
275.093
275.207
275.211
275.386
275.485
276.11
276.141
276.16
276.289
276.408
276.423
276.45
276.728
277.036
277.35
277.394
277.674
277.713
277.797
277.81
277.82
277.919
277.969
278.051
278.186
278.348
278.395
278.69
278.764
278.861
278.905
278.955
279.037
279.188
279.423
279.488
279.68
279.925
280.106
280.128
280.145
280.266
280.307
280.49
280.495
280.831
280.849
280.931
281.144
281.147
281.176
281.419
281.721
281.728
281.739
282.229
282.242
282.454
282.544
282.756
282.826
283.055
283.177
283.251
283.256
283.265
284.001
284.046
284.287
284.481
284.713
284.883
284.977
285.156
285.228
285.29
285.322
285.337
285.375
285.526
285.574
285.63
285.733
285.803
285.823
285.982
286.061
286.1
286.17
286.177
286.544
286.592
286.609
286.627
286.635
286.714
286.824
286.898
286.928
287.0
287.074
287.165
287.378
287.707
287.927
288.231
288.63
288.798
288.883
289.01
289.426
289.524
289.535
289.586
289.707
289.72
289.748
289.751
290.084
290.411
290.539
290.597
290.611
290.773
290.971
291.1
291.17
291.234
291.314
291.358
291.488
291.596
291.597
291.784
291.791
291.824
291.847
291.868
292.126
292.214
292.294
292.584
292.646
292.676
292.711
292.714
292.967
293.278
293.616
293.656
293.689
293.772
294.055
294.08
294.208
294.327
294.379
294.402
294.467
294.564
294.596
294.821
294.865
294.868
294.931
294.942
295.087
295.184
295.351
295.499
295.56
295.663
295.988
296.227
296.292
296.294
296.38
296.494
296.652
296.674
296.832
297.119
297.229
297.35
297.357
297.358
297.476
297.642
297.76
297.814
298.166
298.255
298.389
298.529
298.718
298.84
298.895
298.924
298.978
299.062
299.125
299.205
299.245
299.8
299.833
299.86
299.999
300.068
300.215
300.29
300.376
300.572
300.661
300.691
300.764
301.057
301.074
301.101
301.259
301.307
301.344
301.391
301.436
301.47
301.536
301.651
301.683
301.806
301.861
301.885
301.92
301.944
302.024
302.059
302.217
302.254
302.358
302.511
302.548
302.558
302.838
302.851
302.937
303.134
303.256
303.351
303.421
303.563
303.701
303.786
304.008
304.026
304.028
304.066
304.199
304.246
304.446
304.534
304.693
304.773
304.854
304.99
305.055
305.093
305.176
305.683
305.696
305.724
305.739
305.776
305.846
305.867
306.088
306.317
306.419
306.498
306.948
307.117
307.142
307.267
307.298
307.454
307.568
307.636
307.672
307.697
307.786
308.009
308.304
308.501
308.654
308.662
308.671
308.94
308.988
309.115
309.151
309.27
309.33
309.4
309.447
309.466
309.526
309.613
309.737
309.82
309.964
309.973
310.147
310.213
310.29
310.36
310.365
310.477
310.749
310.8
310.863
311.11
311.113
311.286
311.295
311.301
311.398
311.515
311.607
311.614
311.754
312.009
312.017
312.343
312.446
312.544
312.76
313.148
313.219
313.253
313.26
313.531
313.554
313.563
313.567
313.615
313.823
313.943
313.991
314.029
314.062
314.419
314.459
314.671
314.726
314.899
314.919
315.006
315.061
315.087
315.368
315.731
315.767
315.895
315.983
315.994
316.072
316.12
316.161
316.38
316.383
316.637
316.702
316.798
316.818
316.85
316.971
316.974
316.975
317.127
317.197
317.315
317.394
317.437
317.588
317.69
317.819
317.833
317.867
317.882
317.972
318.433
318.509
318.755
319.288
319.565
319.608
319.757
319.842
319.845
319.867
319.897
320.258
320.273
320.345
320.4
320.406
320.564
320.586
320.631
320.839
320.894
321.004
321.091
321.118
321.246
321.308
321.315
321.475
321.551
321.672
321.762
321.767
321.853
321.88
321.901
321.92
321.989
322.007
322.029
322.167
322.243
322.283
322.435
322.451
322.453
322.547
322.597
322.996
323.221
323.284
323.336
323.43
323.599
323.664
324.016
324.068
324.07
324.102
324.558
324.6
324.628
324.629
324.74
324.905
324.945
325.022
325.34
325.723
325.776
325.785
325.791
325.846
325.85
325.891
325.933
326.011
326.058
326.137
326.255
326.273
326.378
326.419
326.474
326.494
326.845
326.908
327.069
327.155
327.232
327.244
327.418
327.451
327.759
327.786
327.786
327.946
328.123
328.211
328.244
328.37
328.6
328.688
328.963
328.977
328.98
329.003
329.181
329.229
329.298
329.325
329.338
329.436
329.665
329.684
329.699
329.869
330.026
330.298
330.394
330.418
330.428
330.505
330.555
330.598
330.769
330.901
330.964
331.015
331.227
331.315
331.346
331.612
331.642
331.75
331.794
331.871
331.874
332.059
332.108
332.245
332.301
332.32
332.325
332.378
332.556
332.661
332.86
333.085
333.293
333.321
333.413
333.663
333.773
333.823
333.853
333.923
334.124
334.17
334.251
334.253
334.269
334.574
334.623
334.671
334.675
334.698
334.702
334.77
334.818
334.937
334.965
335.041
335.103
335.248
335.374
335.423
335.551
335.641
335.934
336.065
336.277
336.302
336.386
336.481
336.519
336.785
336.809
336.839
336.859
337.077
337.106
337.169
337.183
337.194
337.196
337.225
337.352
337.411
337.416
337.472
337.527
337.588
337.72
337.869
338.122
338.215
338.246
338.286
338.45
338.454
338.488
338.554
338.662
338.734
338.809
339.032
339.146
339.148
339.216
339.231
339.289
339.297
339.316
339.379
339.703
339.779
339.823
339.86
340.029
340.112
340.203
340.251
340.265
340.368
340.432
340.467
340.539
340.761
340.836
340.87
340.898
341.094
341.096
341.151
341.252
341.351
341.419
341.434
341.453
341.481
341.5
341.51
341.553
341.583
341.676
341.852
341.985
342.044
342.15
342.288
342.301
342.343
342.439
342.55
342.803
342.877
342.935
342.987
343.096
343.161
343.205
343.314
343.474
343.49
343.547
343.591
343.798
343.815
343.942
343.96
343.973
344.103
344.13
344.279
344.286
344.453
344.453
344.491
344.54
344.594
344.737
344.756
344.814
344.83
344.946
345.004
345.124
345.176
345.43
345.476
345.558
345.626
345.654
345.824
345.973
346.014
346.266
346.279
346.323
346.475
346.528
346.731
346.758
346.826
346.879
346.936
346.969
347.011
347.225
347.347
347.409
347.625
347.686
347.701
347.749
347.784
347.804
347.98
348.099
348.101
348.207
348.274
348.471
348.558
348.591
348.705
348.722
348.732
348.766
348.894
349.008
349.046
349.216
349.595
349.932
350.159
350.196
350.266
350.452
350.457
350.49
350.73
350.743
350.876
350.991
350.998
351.173
351.24
351.264
351.332
351.344
351.442
351.475
351.476
351.672
351.826
351.898
352.004
352.092
352.093
352.138
352.168
352.198
352.21
352.401
352.721
352.786
352.881
353.166
353.396
353.403
353.466
353.473
353.761
353.876
353.883
354.062
354.081
354.091
354.101
354.11
354.123
354.21
354.438
354.624
354.637
354.686
354.727
354.834
354.852
354.934
354.939
355.057
355.137
355.141
355.324
355.343
355.363
355.482
355.544
355.577
355.637
355.702
355.743
356.225
356.459
356.975
357.035
357.04
357.045
357.12
357.162
357.489
357.491
357.492
357.731
357.845
357.902
357.969
358.227
358.32
358.372
358.409
358.446
358.556
358.636
358.655
358.699
358.805
358.858
358.976
359.282
359.293
359.31
359.317
359.404
359.521
359.596
359.62
359.705
359.768
359.811
359.881
359.9
360.18
360.293
360.532
360.558
360.562
360.594
360.658
360.664
360.755
360.793
360.824
360.849
361.091
361.157
361.32
361.79
361.885
361.908
361.968
362.055
362.178
362.306
362.328
362.336
362.366
362.428
362.573
362.624
362.635
362.643
362.657
362.673
362.722
362.764
362.778
362.878
363.038
363.148
363.183
363.507
363.51
363.602
363.614
363.821
364.017
364.052
364.133
364.476
364.549
364.637
364.862
365.041
365.115
365.292
365.33
365.562
365.874
366.03
366.175
366.255
366.638
366.885
366.955
367.132
367.202
367.449
367.55
367.862
367.936
368.037
368.147
368.159
368.294
368.337
368.482
368.518
368.744
368.785
368.911
369.043
369.08
369.098
369.25
369.272
369.343
369.414
369.527
369.589
369.638
369.74
369.799
370.008
370.093
370.243
370.268
370.428
370.966
371.0
371.049
371.086
371.115
371.262
371.355
371.373
371.511
371.652
371.675
371.713
371.734
371.805
371.813
371.859
371.861
371.898
371.97
371.979
371.983
371.989
372.074
372.235
372.249
372.277
372.632
373.047
373.088
373.189
373.233
373.414
373.443
373.617
373.653
373.753
373.879
374.203
374.205
374.221
374.283
374.321
374.363
374.541
374.597
374.669
374.735
374.767
375.127
375.359
375.389
375.473
375.5
375.642
375.724
375.768
375.773
375.793
375.853
375.92
375.943
376.066
376.074
376.075
376.404
376.449
376.477
376.499
376.615
376.638
376.878
376.89
376.934
377.037
377.041
377.16
377.163
377.171
377.175
377.385
377.474
377.544
378.347
378.377
378.51
378.691
378.75
378.806
378.894
379.266
379.283
379.594
379.607
379.649
379.653
379.729
379.739
379.75
379.778
380.311
380.397
380.457
380.547
380.612
380.914
380.964
380.983
381.061
381.08
381.123
381.373
381.653
381.712
381.734
381.762
381.884
381.983
382.178
382.451
382.473
382.573
382.772
382.831
382.841
383.087
383.133
383.318
383.499
383.683
383.7
383.938
383.952
383.999
384.098
384.133
384.133
384.176
384.189
384.256
384.295
384.321
384.358
384.381
384.408
384.518
384.786
384.864
384.892
384.945
385.019
385.171
385.55
385.59
385.616
385.712
385.81
385.998
386.031
386.173
386.461
386.471
386.473
386.653
386.745
386.799
386.938
387.005
387.073
387.107
387.126
387.45
387.497
387.52
387.884
388.178
388.255
388.333
388.549
388.56
388.598
388.757
388.798
389.17
389.24
389.406
389.444
389.448
389.493
389.529
389.599
389.614
389.749
389.752
389.833
389.856
389.86
389.862
389.94
389.951
390.197
390.305
390.353
390.501
390.563
390.576
390.586
390.659
390.841
390.87
390.998
391.007
391.093
391.104
391.174
391.357
391.407
391.734
392.184
392.297
392.367
392.408
392.44
392.478
392.499
392.723
392.759
392.883
392.952
393.127
393.198
393.249
393.327
393.41
393.446
393.571
393.784
393.823
393.828
394.016
394.1
394.2
394.379
394.531
394.614
394.776
394.793
394.828
394.927
394.932
394.957
394.99
395.25
395.398
395.626
396.168
396.458
396.484
396.512
396.531
396.601
396.86
396.911
396.92
396.942
396.955
397.135
397.136
397.271
397.343
397.422
397.642
397.698
397.846
398.38
398.413
398.538
398.574
398.685
399.093
399.176
399.201
399.306
399.328
399.338
399.663
399.767
399.901
399.91
399.98
400.122
400.124
400.28
400.289
400.389
400.503
400.537
400.56
400.567
400.665
401.06
401.102
401.166
401.28
401.337
401.527
401.561
401.778
401.794
401.831
401.915
401.99
402.002
402.013
402.062
402.154
402.184
402.245
402.854
402.873
403.011
403.124
403.173
403.203
403.764
403.801
404.018
404.079
404.133
404.157
404.221
404.274
404.284
404.326
404.329
404.346
404.443
404.847
405.158
405.164
405.165
405.29
405.309
405.393
405.468
405.541
405.586
405.686
405.992
406.017
406.119
406.428
406.575
406.621
406.928
406.991
407.036
407.181
407.314
407.346
407.439
407.523
407.592
407.596
407.621
407.728
407.834
407.888
408.013
408.214
408.331
408.367
408.394
408.511
408.545
408.563
408.841
408.869
408.972
409.084
409.269
409.442
409.583
409.734
409.806
409.855
410.268
410.62
410.7
410.979
411.004
411.015
411.019
411.03
411.136
411.4
411.415
411.546
411.717
411.759
412.367
412.387
412.388
412.439
412.616
413.023
413.145
413.173
413.174
413.217
413.218
413.234
413.312
413.382
413.405
413.561
413.603
413.637
413.688
413.751
413.767
413.925
413.939
413.998
414.256
414.3
414.371
414.448
414.487
414.51
414.543
414.562
414.68
414.828
414.924
414.978
415.223
415.414
415.558
415.678
415.727
415.732
415.867
415.928
415.949
415.989
416.001
416.073
416.098
416.254
416.423
416.577
416.763
416.832
416.849
416.926
416.945
416.999
417.058
417.08
417.287
417.42
417.45
417.494
417.536
417.595
417.733
417.746
417.867
418.159
418.323
418.372
418.481
418.691
418.739
418.822
419.068
419.388
419.508
419.693
419.794
419.828
419.905
419.913
419.933
420.05
420.181
420.245
420.285
420.328
420.336
420.43
420.45
420.498
420.612
420.867
421.421
421.49
421.553
421.558
421.661
421.876
421.969
421.981
422.248
422.327
422.414
422.44
422.47
422.56
422.586
422.591
422.596
422.606
422.774
422.807
423.096
423.114
423.163
423.173
423.258
423.424
423.557
423.947
423.948
424.13
424.23
424.312
424.429
424.563
424.678
424.722
424.812
424.994
425.017
425.036
425.042
425.183
425.216
425.222
425.56
425.721
425.721
425.765
425.964
426.035
426.123
426.172
426.193
426.451
426.683
427.238
427.243
427.301
427.776
427.944
427.984
428.055
428.15
428.185
428.231
428.434
428.438
428.439
428.456
428.65
428.711
428.74
428.773
428.782
429.358
429.477
429.489
429.702
429.733
429.782
429.871
429.944
430.016
430.018
430.092
430.158
430.352
430.353
430.427
430.571
430.683
430.947
430.967
431.044
431.157
431.229
431.305
431.365
431.392
431.408
431.444
431.951
431.966
432.019
432.259
432.295
432.307
432.654
432.74
433.007
433.116
433.288
433.331
433.343
433.399
433.455
433.465
433.515
433.628
433.854
434.073
434.274
434.345
434.389
434.403
434.475
434.487
434.556
434.816
434.972
435.023
435.04
435.209
435.239
435.256
435.294
435.312
435.363
435.473
435.536
435.604
435.674
435.711
435.947
436.086
436.164
436.332
436.36
436.363
436.504
436.593
436.599
436.691
436.907
437.007
437.06
437.092
437.109
437.112
437.234
437.335
437.364
437.419
437.524
437.536
437.667
437.877
437.995
438.02
438.159
438.384
438.423
438.445
438.476
438.589
438.626
438.76
438.809
439.033
439.096
439.182
439.215
439.305
439.35
439.63
439.827
439.838
440.027
440.075
440.142
440.249
440.289
440.352
440.361
440.386
440.495
440.532
440.63
440.884
441.101
441.142
441.149
441.199
441.453
441.567
441.708
442.098
442.168
442.693
442.759
442.776
442.833
442.859
442.911
443.145
443.19
443.276
443.433
443.444
443.689
443.805
443.887
444.012
444.057
444.112
444.236
444.358
444.4
444.558
444.712
444.792
444.854
444.895
444.963
445.098
445.14
445.161
445.224
445.227
445.494
445.501
445.545
445.684
446.084
446.108
446.186
446.254
446.38
446.534
446.557
446.644
446.669
446.686
446.714
446.785
446.907
446.945
446.998
447.307
447.581
447.663
447.696
447.75
447.795
447.877
447.885
447.888
447.978
448.106
448.3
448.881
449.012
449.053
449.199
449.261
449.286
449.498
449.502
449.507
449.573
449.761
449.777
449.831
449.841
449.981
450.021
450.268
450.389
450.389
450.625
450.666
450.765
450.872
451.116
451.153
451.18
451.203
451.238
451.37
451.373
451.519
451.665
451.873
451.885
451.983
452.219
452.29
452.342
452.372
452.474
452.679
452.702
452.791
452.826
452.943
452.952
452.984
453.319
453.323
453.498
453.515
453.572
453.698
453.831
453.906
454.089
454.233
454.326
454.389
454.415
454.528
454.601
454.636
454.64
454.732
454.766
454.811
455.042
455.104
455.197
455.259
455.268
455.414
455.451
455.522
455.569
455.773
455.794
455.827
455.844
455.953
456.079
456.097
456.552
456.601
456.792
456.824
456.864
456.932
457.02
457.037
457.325
457.501
457.678
457.687
457.693
457.833
458.005
458.395
458.403
458.435
458.465
458.472
458.545
458.57
458.608
458.651
458.713
458.792
458.959
459.008
459.026
459.237
459.255
459.273
459.725
459.792
459.8
459.835
459.891
459.947
459.956
460.103
460.185
460.228
460.454
460.523
460.584
460.993
461.176
461.342
461.388
461.563
461.661
461.684
461.726
462.257
462.476
462.656
462.684
462.773
462.864
462.919
463.127
463.132
463.183
463.196
463.28
463.283
463.513
463.91
463.995
464.017
464.069
464.07
464.151
464.183
464.287
464.382
464.402
464.428
464.639
464.913
464.991
465.03
465.231
465.241
465.329
465.405
465.615
465.625
465.626
465.688
465.844
466.02
466.332
466.334
466.338
466.402
466.406
466.474
466.532
466.696
466.71
466.79
466.797
466.839
466.941
466.953
466.983
467.223
467.304
467.488
467.645
467.716
467.851
468.011
468.053
468.094
468.194
468.258
468.297
468.502
468.589
468.83
468.858
468.906
468.98
469.032
469.073
469.499
469.774
469.822
469.925
469.99
469.993
470.015
470.075
470.227
470.325
470.408
470.453
470.516
470.556
470.595
470.643
470.712
470.765
470.807
470.963
470.996
471.124
471.317
471.329
471.444
471.509
471.51
471.543
471.58
471.761
472.28
472.416
472.445
472.598
472.681
472.711
472.809
472.823
472.87
472.898
472.96
472.968
473.062
473.233
473.241
473.476
473.513
473.681
473.689
473.742
473.749
473.847
473.892
473.922
473.952
473.966
474.064
474.113
474.175
474.247
474.257
474.367
474.753
475.022
475.122
475.182
475.188
475.308
475.334
475.35
475.52
475.619
475.683
475.69
475.904
475.95
476.049
476.257
476.329
476.456
476.735
476.781
476.944
477.012
477.036
477.049
477.216
477.316
477.393
477.842
477.901
477.935
478.025
478.071
478.336
478.475
478.792
478.893
478.9
479.101
479.128
479.338
479.392
479.398
479.545
479.582
479.603
479.808
480.005
480.051
480.259
480.388
480.464
480.619
480.64
480.685
480.763
481.056
481.056
481.208
481.435
481.67
481.67
481.697
481.731
481.881
482.087
482.182
482.496
482.504
482.587
482.857
482.86
482.889
482.921
483.071
483.143
483.398
483.488
483.538
483.598
483.688
483.694
483.748
483.814
483.926
484.02
484.026
484.155
484.47
484.492
484.615
484.797
484.886
485.012
485.246
485.304
485.359
485.379
485.456
485.567
485.679
485.8
486.052
486.198
486.293
486.359
486.379
486.394
486.533
486.578
486.58
486.614
486.683
486.796
486.833
486.863
486.918
487.076
487.091
487.204
487.303
487.371
487.437
487.545
487.564
487.63
487.639
487.7
487.806
487.869
487.926
488.048
488.092
488.218
488.277
488.283
488.428
488.578
488.704
489.07
489.111
489.164
489.284
489.313
489.845
489.929
489.974
489.993
490.136
490.216
490.325
490.475
490.527
490.559
490.627
490.755
490.834
491.086
491.156
491.179
491.335
491.368
491.413
491.534
491.603
491.686
491.741
491.862
491.918
491.965
491.98
492.0
492.154
492.172
492.599
492.618
492.747
492.767
492.979
493.061
493.239
493.792
493.816
493.921
493.984
494.243
494.255
494.401
494.404
494.493
494.58
494.692
494.854
494.867
494.92
494.968
495.113
495.391
495.441
495.451
495.487
495.489
495.555
495.65
495.696
495.701
495.89
495.916
496.121
496.126
496.225
496.344
496.4
496.425
496.602
496.873
497.015
497.096
497.116
497.126
497.141
497.644
497.667
497.701
497.741
497.782
497.836
497.895
497.98
497.992
498.493
498.809
498.818
498.975
499.174
499.315
499.515
499.576
499.61
499.676
499.767
499.867
500.063
500.074
500.099
500.182
500.444
500.635
500.666
500.686
500.794
501.07
501.079
501.099
501.101
501.11
501.245
501.323
501.334
501.463
501.49
501.498
501.774
501.964
502.054
502.118
502.233
502.34
502.452
502.517
502.596
502.607
502.686
502.694
502.837
502.848
503.014
503.035
503.13
503.26
503.498
503.536
503.584
503.612
503.902
504.036
504.047
504.066
504.138
504.144
504.192
504.449
504.488
504.617
504.679
504.837
504.926
505.071
505.208
505.46
505.468
505.532
505.608
505.616
505.633
505.651
505.668
505.767
505.776
505.94
506.029
506.049
506.084
506.123
506.229
506.456
506.506
506.52
506.61
506.62
506.636
506.861
506.922
507.063
507.074
507.208
507.43
507.478
507.582
507.6
507.676
507.796
507.96
508.122
508.254
508.328
508.359
508.394
508.605
508.647
508.662
508.717
509.061
509.255
509.527
509.663
509.691
509.786
509.967
510.059
510.217
510.566
510.573
510.64
510.725
510.859
510.864
510.916
510.952
511.034
511.047
511.105
511.306
511.492
511.599
511.602
511.686
511.775
512.059
512.062
512.225
512.394
512.43
512.504
512.564
512.566
512.704
512.942
513.036
513.078
513.373
513.435
513.527
513.531
513.642
513.68
513.715
513.793
513.808
513.966
514.083
514.218
514.296
514.445
514.493
514.512
514.87
514.926
514.97
515.097
515.169
515.261
515.262
515.43
515.501
515.585
515.731
515.74
515.788
515.864
516.01
516.09
516.097
516.112
516.184
516.402
516.474
516.645
516.735
516.735
516.769
516.829
516.946
517.076
517.091
517.454
517.542
517.697
517.849
517.943
517.978
517.981
518.081
518.117
518.156
518.157
518.162
518.202
518.341
518.406
518.493
518.607
518.642
518.649
518.695
518.722
518.73
518.946
518.968
518.992
519.077
519.266
519.344
519.486
519.507
519.678
519.793
519.942
520.003
520.429
520.474
520.497
520.58
520.75
520.872
520.903
520.937
521.087
521.105
521.553
521.761
521.846
521.854
521.901
522.0
522.105
522.175
522.175
522.39
522.412
522.433
522.583
522.646
522.654
522.673
522.809
523.047
523.098
523.116
523.132
523.245
523.309
523.413
523.45
523.476
523.516
523.64
523.673
523.828
523.883
524.105
524.193
524.318
524.337
524.48
524.523
524.617
524.643
524.67
524.684
524.692
524.731
524.903
524.981
525.187
525.232
525.241
525.253
525.285
525.312
525.359
525.374
525.404
525.42
525.481
525.734
525.823
525.848
525.948
526.052
526.055
526.125
526.142
526.254
526.27
526.44
526.479
526.612
526.623
526.699
526.855
526.897
526.964
527.045
527.064
527.11
527.268
527.31
527.345
527.609
527.612
527.651
527.689
527.862
527.96
527.971
528.107
528.119
528.135
528.153
528.207
528.233
528.261
528.699
528.792
528.82
528.858
528.922
528.923
529.078
529.092
529.21
529.359
529.622
529.693
529.695
529.799
529.913
529.99
530.309
530.469
530.586
530.689
531.063
531.087
531.152
531.254
531.402
531.661
531.723
531.748
531.941
531.995
532.016
532.104
532.254
532.418
532.489
532.531
532.608
532.619
532.839
533.015
533.017
533.024
533.434
533.479
533.547
533.608
533.731
534.326
534.33
534.384
534.397
534.407
534.418
534.445
534.605
534.904
535.088
535.117
535.287
535.301
535.329
535.38
535.431
535.445
535.559
535.704
535.736
535.841
535.918
535.951
536.542
536.558
536.573
536.616
536.774
536.849
536.901
537.034
537.186
537.293
537.432
537.495
537.745
537.746
537.78
537.996
538.016
538.073
538.172
538.254
538.297
538.415
538.452
538.475
538.789
538.791
538.807
538.945
539.102
539.128
539.316
539.61
539.668
539.681
539.752
539.892
539.942
539.952
539.982
540.206
540.393
540.417
540.471
540.49
540.72
540.827
540.85
540.893
540.903
540.907
540.92
540.944
540.963
540.964
541.049
541.208
541.341
541.368
541.374
541.545
541.628
541.642
541.701
541.817
541.836
541.876
542.02
542.088
542.12
542.183
542.193
542.226
542.228
542.305
542.633
542.775
543.031
543.114
543.285
543.347
543.495
543.788
543.86
543.874
543.881
543.928
544.015
544.364
544.399
544.77
544.913
544.984
545.022
545.033
545.133
545.149
545.157
545.197
545.24
545.246
545.391
545.464
545.465
545.564
545.654
546.245
546.385
546.493
546.541
546.725
546.842
546.865
546.923
547.095
547.29
547.394
547.488
547.512
547.572
547.756
547.799
547.848
548.02
548.125
548.19
548.201
548.251
548.288
548.301
548.37
548.422
548.435
548.483
548.601
548.755
548.906
549.154
549.402
549.443
549.517
549.612
549.704
549.741
549.766
549.926
550.055
550.102
550.102
550.193
550.24
550.354
550.448
550.798
550.816
550.974
551.102
551.104
551.114
551.152
551.251
551.617
551.638
551.708
551.724
552.176
552.211
552.23
552.234
552.264
552.265
552.469
552.632
552.79
552.963
553.222
553.312
553.329
553.333
553.402
553.621
553.655
553.983
554.046
554.1
554.129
554.247
554.303
554.482
554.5
554.752
554.777
554.789
554.856
554.885
554.936
554.968
554.994
555.196
555.251
555.399
555.463
555.602
555.772
555.844
555.899
556.059
556.18
556.465
556.631
556.689
556.824
556.908
556.925
557.252
557.333
557.808
558.045
558.159
558.228
558.291
558.349
558.352
558.354
558.454
558.642
558.648
558.727
558.754
558.911
558.977
559.034
559.07
559.143
559.15
559.219
559.279
559.356
559.433
559.572
559.674
559.787
559.789
559.882
559.897
560.013
560.15
560.259
560.533
560.606
560.623
560.775
560.879
561.059
561.091
561.13
561.133
561.159
561.166
561.35
561.354
561.769
561.874
562.317
562.353
562.543
562.681
562.952
563.004
563.073
563.212
563.236
563.344
563.523
563.605
563.789
564.117
564.214
564.557
564.601
564.637
564.719
564.733
564.936
564.98
565.115
565.142
565.237
565.238
565.45
565.492
565.506
565.512
565.585
565.633
565.669
565.74
565.75
565.991
566.155
566.3
566.32
566.399
566.421
566.547
566.805
566.821
566.827
566.956
566.979
567.01
567.061
567.105
567.13
567.15
567.239
567.284
567.296
567.548
567.718
567.759
567.967
568.128
568.207
568.248
568.313
568.35
568.369
568.369
568.439
568.496
568.82
568.889
568.964
568.97
569.014
569.025
569.329
569.563
570.22
570.225
570.251
570.396
570.426
570.441
570.52
570.633
570.685
570.691
570.857
570.892
570.993
571.009
571.047
571.391
571.449
571.473
571.488
571.6
571.764
571.819
571.895
571.983
572.121
572.343
572.581
572.594
572.663
572.773
572.798
572.971
573.196
573.344
573.451
573.541
573.784
573.79
573.913
573.993
574.051
574.079
574.086
574.104
574.175
574.223
574.364
574.378
574.452
574.51
574.547
574.646
574.795
574.829
575.072
575.098
575.156
575.293
575.54
575.641
575.667
575.766
575.834
575.919
576.185
576.241
576.42
576.448
576.55
576.6
576.65
576.663
577.122
577.137
577.223
577.361
577.701
577.791
577.814
577.839
577.847
578.079
578.098
578.206
578.227
578.274
578.308
578.396
578.459
578.529
578.531
578.641
578.754
578.833
578.864
578.987
579.01
579.173
579.714
579.917
579.995
580.027
580.318
580.336
580.36
580.428
580.741
580.925
580.925
581.004
581.167
581.17
581.189
581.253
581.473
581.893
582.086
582.268
582.358
582.456
582.661
582.814
582.857
582.896
583.011
583.39
583.394
583.493
583.67
583.679
583.933
583.946
584.003
584.045
584.25
584.31
584.461
584.476
584.72
584.76
585.185
585.54
585.633
585.766
585.846
586.229
586.235
586.444
586.456
586.593
586.622
586.713
586.98
587.274
587.319
587.319
587.339
587.376
587.532
587.637
588.194
588.234
588.335
588.349
588.359
588.502
588.637
588.769
588.781
588.798
588.804
588.886
588.915
588.98
589.007
589.066
589.11
589.168
589.236
589.664
589.669
589.7
589.705
589.823
589.833
589.954
589.983
590.08
590.194
590.279
590.311
590.518
590.82
590.971
590.977
591.017
591.204
591.249
591.359
591.412
591.441
591.617
591.684
591.731
591.815
591.822
591.966
592.244
592.296
592.348
592.497
592.706
592.735
592.777
592.78
593.171
593.276
593.364
593.591
593.622
593.674
593.934
593.992
594.432
594.45
594.462
594.584
594.639
594.679
594.733
594.945
594.946
595.359
595.694
595.737
595.879
596.058
596.08
596.1
596.267
596.317
596.411
596.466
596.571
596.661
596.774
596.826
596.93
597.081
597.189
597.319
597.32
597.398
597.451
597.451
598.135
598.182
598.256
598.292
598.297
598.622
598.834
599.001
599.043
599.046
599.295
599.347
599.427
599.507
599.571
599.597
599.807
600.08
600.125
600.147
600.166
600.245
600.372
600.497
600.59
600.725
600.807
600.82
600.878
601.146
601.202
601.333
601.384
601.524
601.54
601.546
601.574
601.777
601.838
601.997
602.015
602.209
602.23
602.351
602.391
602.662
602.701
602.754
602.774
602.987
603.107
603.112
603.119
603.156
603.246
603.27
603.275
603.315
603.353
603.415
603.418
603.642
604.303
604.32
604.332
604.378
604.498
604.501
604.55
604.609
604.651
604.698
604.772
604.94
604.953
605.307
605.316
605.335
605.344
605.347
605.536
605.637
605.723
605.917
606.051
606.075
606.094
606.186
606.359
606.388
606.409
606.485
606.548
606.598
606.732
606.77
606.913
607.229
607.442
607.557
607.736
607.797
607.952
607.972
608.222
608.343
608.409
608.481
608.625
608.64
608.818
608.959
609.076
609.128
609.13
609.182
609.192
609.313
609.351
609.444
609.522
609.742
609.936
609.992
610.297
610.684
610.791
610.914
611.194
611.393
611.507
611.612
611.616
611.629
611.726
611.884
611.906
611.93
612.0
612.101
612.22
612.233
612.426
612.443
612.71
612.73
612.959
612.967
612.994
613.064
613.072
613.079
613.086
613.106
613.198
613.262
613.315
613.359
613.367
613.466
613.546
613.58
613.703
613.857
613.857
613.887
614.136
614.255
614.468
614.527
614.55
614.653
614.653
614.662
615.006
615.143
615.242
615.356
615.427
615.539
615.565
615.705
615.716
615.766
615.864
615.931
616.116
616.293
616.312
616.572
616.617
616.653
616.662
616.868
617.132
617.252
617.375
617.447
617.469
617.647
617.664
617.681
617.972
618.071
618.101
618.345
618.353
618.434
618.442
618.462
618.78
618.833
618.847
619.04
619.06
619.084
619.12
619.14
619.204
619.518
619.519
619.525
619.672
619.905
620.053
620.125
620.355
620.359
620.499
620.576
620.646
620.896
620.918
620.933
620.96
620.963
621.194
621.434
621.439
621.489
621.635
621.709
621.729
621.745
621.86
621.936
622.016
622.147
622.184
622.498
622.674
622.689
622.757
622.799
622.906
623.051
623.505
623.518
623.532
623.956
623.966
624.117
624.128
624.325
624.376
624.399
624.441
624.586
624.627
624.896
624.933
624.963
624.978
625.238
625.254
625.258
625.318
625.793
625.834
626.156
626.308
626.315
626.482
626.484
626.676
626.828
626.965
627.395
627.445
627.544
627.586
627.703
627.745
627.918
627.937
628.041
628.057
628.162
628.171
628.461
628.495
628.508
628.552
628.668
628.826
628.94
628.96
629.164
629.191
629.213
629.224
629.32
629.413
629.434
629.44
629.839
629.878
629.883
629.925
630.118
630.138
630.167
630.397
630.75
630.758
630.778
630.9
630.973
631.078
631.48
631.49
631.501
631.555
631.603
631.634
631.763
631.917
631.965
632.123
632.269
632.446
632.552
632.569
632.628
632.793
632.825
632.927
632.991
633.17
633.23
633.38
633.469
633.563
633.602
633.794
633.884
633.922
633.933
634.147
634.291
634.361
634.42
634.493
634.571
634.931
634.945
634.989
635.221
635.51
635.771
635.799
635.967
636.12
636.175
636.192
636.304
636.724
636.874
636.973
637.071
637.245
637.248
637.338
637.358
637.395
637.402
637.713
637.796
637.836
637.954
637.969
638.11
638.317
638.43
638.659
638.929
639.174
639.244
639.281
639.293
639.329
639.436
639.601
639.84
639.904
640.153
640.169
640.264
640.478
640.505
640.521
640.624
640.765
640.844
640.873
641.052
641.07
641.075
641.144
641.18
641.277
641.334
641.461
641.6
641.674
641.78
641.94
642.176
642.271
642.278
642.325
642.652
643.058
643.202
643.311
643.477
643.545
643.546
643.952
644.235
644.303
644.376
644.377
644.379
644.414
644.635
644.81
644.848
644.928
644.94
645.017
645.054
645.137
645.196
645.301
645.53
645.563
645.568
645.624
645.628
645.757
645.803
645.825
645.866
645.899
645.985
646.156
646.317
646.327
646.754
646.919
646.944
647.109
647.141
647.187
647.385
647.388
647.392
647.394
647.457
647.522
647.61
647.616
647.661
647.866
647.963
648.082
648.352
648.448
648.481
648.581
648.647
648.795
648.958
648.965
648.966
649.037
649.043
649.182
649.187
649.21
649.304
649.31
649.542
649.712
649.78
649.808
649.819
649.882
650.633
650.684
650.723
650.909
651.035
651.191
651.296
651.349
651.397
651.489
651.512
651.531
651.569
651.66
651.807
652.003
652.099
652.205
652.214
652.351
652.364
652.383
652.428
652.522
652.55
652.602
652.648
652.718
652.917
652.956
653.071
653.121
653.212
653.333
653.456
653.658
653.678
653.744
653.78
653.872
653.879
653.912
654.029
654.189
654.266
654.311
654.424
654.615
654.622
654.713
654.989
655.008
655.113
655.128
655.252
655.336
655.477
655.549
655.568
655.569
655.61
655.874
655.981
656.039
656.153
656.247
656.365
656.461
656.549
656.586
656.621
656.658
656.683
656.822
656.911
656.992
656.994
656.994
657.144
657.197
657.216
657.263
657.41
657.581
657.932
657.944
657.951
658.033
658.143
658.147
658.311
658.313
658.348
658.385
658.442
658.608
658.696
658.729
658.757
658.874
658.962
659.012
659.153
659.166
659.205
659.266
659.446
659.503
659.706
659.922
659.972
660.126
660.249
660.254
660.316
660.383
660.384
660.952
660.974
661.092
661.208
661.238
661.372
661.473
661.784
661.913
662.11
662.159
662.263
662.554
662.685
662.811
663.085
663.113
663.181
663.227
663.512
663.747
663.831
663.842
663.9
664.199
664.252
664.254
664.405
664.491
664.593
664.677
664.818
664.822
665.119
665.176
665.217
665.278
665.308
665.352
665.398
665.683
665.749
665.773
665.795
665.887
666.087
666.12
666.232
666.252
666.287
666.533
666.612
666.846
666.926
666.932
667.111
667.115
667.145
667.18
667.193
667.387
667.443
667.517
667.598
667.62
667.71
667.745
667.857
667.937
667.983
668.008
668.027
668.18
668.344
668.369
668.413
668.484
668.685
668.739
668.74
669.058
669.066
669.133
669.196
669.229
669.247
669.352
669.428
669.431
669.549
669.962
669.962
670.202
670.233
670.394
670.437
670.479
670.547
670.571
670.893
671.159
671.172
671.384
671.75
671.792
671.823
671.839
671.986
672.024
672.069
672.107
672.108
672.153
672.216
672.299
672.428
672.438
672.514
672.532
672.633
672.642
672.684
672.711
672.838
672.858
672.959
673.0
673.081
673.099
673.19
673.542
673.681
673.78
673.958
674.0
674.192
674.303
674.314
674.343
674.35
674.384
674.428
674.468
674.798
674.802
674.933
674.935
674.973
674.994
675.021
675.026
675.205
675.323
675.336
675.339
675.376
675.649
675.869
675.875
675.946
676.006
676.175
676.409
676.512
676.725
676.995
677.246
677.351
677.872
678.184
678.224
678.276
678.356
678.38
678.389
678.439
678.537
678.617
678.635
678.671
678.705
678.895
678.909
678.979
679.032
679.102
679.286
679.292
679.405
679.441
679.54
679.546
679.767
679.901
680.061
680.146
680.416
680.442
680.498
680.515
680.609
680.64
680.694
680.85
680.956
681.032
681.037
681.084
681.103
681.225
681.242
681.304
681.516
681.613
681.811
681.926
682.054
682.066
682.132
682.152
682.422
682.531
682.713
682.815
682.824
682.856
683.198
683.199
683.222
683.254
683.492
683.493
683.708
683.719
683.819
683.842
683.927
683.939
684.112
684.158
684.324
684.444
684.596
684.658
684.678
684.765
684.811
684.825
684.914
684.951
685.102
685.209
685.239
685.305
685.33
685.336
685.343
685.545
685.648
685.649
685.672
685.706
686.001
686.009
686.168
686.361
686.513
686.544
686.614
686.617
686.817
686.886
686.909
687.001
687.051
687.167
687.187
687.279
687.292
687.387
687.39
687.458
687.515
687.633
687.669
687.674
687.747
687.865
687.875
687.937
687.94
687.954
688.091
688.166
688.358
688.414
688.433
688.485
688.541
688.626
688.643
688.663
688.721
688.73
688.85
689.008
689.047
689.101
689.132
689.138
689.182
689.381
689.484
689.537
689.544
689.567
689.583
689.699
689.922
690.162
690.304
690.441
690.508
690.538
690.635
690.73
690.737
690.752
690.835
690.853
690.996
691.036
691.043
691.091
691.184
691.432
691.435
691.528
691.891
691.907
691.991
692.124
692.582
692.607
692.957
693.065
693.068
693.116
693.364
693.492
693.892
693.97
694.288
694.478
694.511
694.541
694.546
694.606
694.744
694.853
694.96
694.994
695.037
695.082
695.12
695.312
695.458
695.566
695.644
695.859
695.894
696.005
696.065
696.121
696.28
696.414
696.461
696.692
696.732
696.759
696.784
696.792
696.932
696.932
696.933
696.971
697.146
697.195
697.398
697.434
697.463
697.486
697.721
697.753
697.799
697.894
697.904
698.023
698.071
698.199
698.233
698.535
698.773
699.058
699.074
699.227
699.497
699.588
699.664
699.722
699.762
699.795
699.898
699.939
699.962
700.108
700.338
700.655
700.785
700.855
701.302
701.322
701.337
701.682
701.701
701.771
701.94
702.1
702.13
702.233
702.303
702.327
702.352
702.374
702.542
702.765
702.816
703.164
703.23
703.237
703.365
703.498
703.514
703.653
703.736
703.742
703.803
703.909
703.982
704.058
704.095
704.207
704.269
704.348
704.451
704.568
704.689
704.815
705.187
705.301
705.344
705.591
705.594
705.635
705.654
705.782
705.791
705.849
706.047
706.276
706.334
706.48
706.547
706.635
706.73
706.784
707.013
707.032
707.058
707.076
707.263
707.379
707.386
707.415
707.473
707.697
707.722
707.73
707.769
707.892
707.99
708.086
708.194
708.266
708.362
708.38
708.416
708.704
708.751
708.813
708.827
708.846
709.226
709.375
709.468
709.475
709.529
709.616
709.726
709.882
710.105
710.33
710.382
710.453
710.608
710.706
710.978
711.019
711.162
711.188
711.233
711.506
711.612
711.718
711.826
712.063
712.103
712.128
712.335
712.346
712.397
712.415
712.427
712.434
712.437
712.565
712.663
712.848
712.886
712.978
713.094
713.103
713.125
713.153
713.251
713.355
713.367
713.37
713.433
713.441
713.45
713.463
713.553
713.574
713.602
713.631
713.691
713.729
713.791
713.89
713.916
714.006
714.012
714.181
714.298
714.324
714.409
714.447
714.6
714.744
714.839
714.914
714.919
714.981
715.002
715.208
715.503
715.626
715.673
715.997
716.073
716.125
716.171
716.19
716.515
716.541
716.723
716.747
716.904
716.916
716.958
716.99
717.01
717.138
717.306
717.34
717.343
717.35
717.385
717.476
717.484
717.513
717.614
717.669
718.026
718.069
718.126
718.148
718.16
718.192
718.598
718.623
718.734
718.805
718.956
719.028
719.154
719.219
719.225
719.302
719.5
719.729
720.092
720.349
720.59
720.603
720.645
720.794
720.836
720.915
720.971
721.083
721.338
721.398
721.426
721.551
721.706
721.71
721.717
721.875
721.915
721.95
722.347
722.364
722.381
722.578
722.704
722.922
723.012
723.027
723.1
723.126
723.197
723.271
723.272
723.278
723.381
723.396
723.538
723.57
723.709
723.83
723.949
723.988
724.002
724.118
724.118
724.184
724.47
724.532
724.673
724.834
724.903
725.204
725.361
725.366
725.465
725.758
725.957
726.012
726.329
726.343
726.42
726.557
726.607
726.66
726.702
726.704
727.042
727.12
727.248
727.269
727.409
727.497
727.563
727.607
727.758
727.808
727.908
727.919
727.945
727.951
727.952
727.958
728.141
728.822
728.896
729.199
729.251
729.42
729.691
729.748
729.806
730.079
730.094
730.181
730.219
730.23
730.236
730.349
730.357
730.377
730.482
730.513
730.532
730.599
730.724
730.733
730.795
730.961
731.054
731.257
731.302
731.318
731.51
731.515
731.729
731.749
732.008
732.109
732.177
732.182
732.618
732.629
732.696
732.843
732.843
732.914
733.088
733.096
733.523
733.705
733.724
733.732
733.757
733.946
734.036
734.06
734.118
734.149
734.369
734.464
734.561
734.647
734.798
734.915
734.997
735.143
735.175
735.185
735.294
735.498
735.726
735.728
735.728
735.738
735.875
736.016
736.045
736.071
736.14
736.157
736.265
736.393
736.413
736.461
736.464
736.513
736.541
736.559
736.73
736.82
736.837
736.975
737.075
737.18
737.271
737.354
737.561
737.672
737.847
737.869
737.878
737.9
737.915
737.957
738.062
738.123
738.374
738.52
738.886
738.996
739.115
739.214
739.231
739.314
739.428
739.536
739.702
739.791
739.839
739.979
739.996
740.152
740.181
740.183
740.212
740.215
740.314
740.759
740.778
740.812
740.836
740.859
741.01
741.072
741.13
741.166
741.26
741.266
741.284
741.322
741.663
741.737
741.787
741.791
741.796
741.952
742.412
742.469
742.6
742.632
742.719
742.949
742.988
743.099
743.129
743.541
743.658
743.66
743.698
743.727
743.776
743.833
744.097
744.171
744.244
744.406
744.437
744.463
744.627
744.659
744.689
744.821
745.06
745.255
745.32
745.386
745.472
745.635
745.706
745.914
746.012
746.213
746.354
746.582
746.601
746.608
746.619
746.711
746.778
746.803
746.899
746.977
747.011
747.037
747.088
747.176
747.274
747.287
747.464
747.551
747.605
747.704
747.92
748.053
748.104
748.124
748.395
748.664
748.815
748.944
748.95
748.962
748.985
749.022
749.142
749.331
749.359
749.541
749.784
749.787
749.849
749.872
749.968
750.008
750.039
750.144
750.161
750.214
750.275
750.387
750.441
750.5
750.533
750.67
750.898
751.135
751.221
751.222
751.521
751.552
751.552
751.569
751.576
751.722
751.785
751.821
751.888
751.917
752.343
752.52
752.563
752.587
752.619
752.932
753.039
753.056
753.183
753.277
753.303
753.448
753.643
753.934
753.954
754.144
754.315
754.516
754.638
754.676
754.69
754.708
754.769
754.92
754.936
754.946
755.05
755.127
755.169
755.26
755.299
755.419
755.541
755.914
756.274
756.451
756.5
756.639
756.837
756.852
756.969
756.999
757.002
757.079
757.105
757.247
757.313
757.534
757.652
757.787
757.818
757.833
757.915
758.197
758.244
758.262
758.29
758.651
758.675
758.691
758.694
758.733
758.936
758.964
758.965
759.138
759.244
759.886
760.015
760.057
760.542
760.825
760.84
760.91
760.917
761.148
761.836
761.921
761.954
762.077
762.193
762.213
762.308
762.336
762.47
762.704
762.901
762.966
762.968
763.015
763.182
763.369
763.694
763.753
763.947
764.327
764.406
764.419
764.426
764.514
764.553
764.581
764.608
764.634
764.683
764.795
764.822
764.847
765.041
765.08
765.134
765.449
765.741
765.816
765.83
765.842
765.944
766.056
766.056
766.188
766.305
766.365
766.492
766.544
766.805
766.866
766.908
767.016
767.101
767.211
767.284
767.337
767.565
767.566
767.596
767.71
767.783
767.94
767.986
768.022
768.228
768.305
768.544
768.609
768.644
768.767
768.855
768.858
768.981
769.006
769.02
769.069
769.143
769.185
769.222
769.368
769.533
769.596
769.672
769.856
770.484
770.574
770.577
770.683
770.69
770.742
770.818
771.034
771.035
771.077
771.116
771.185
771.284
771.288
771.44
771.468
771.497
771.542
771.697
771.776
771.873
771.874
771.913
772.244
772.269
772.319
772.415
772.509
772.615
772.645
772.796
772.835
772.945
773.116
773.207
773.276
773.382
773.436
773.473
773.511
773.601
773.632
773.999
774.03
774.102
774.254
774.36
774.404
774.557
774.565
774.73
774.741
774.925
774.926
774.934
775.004
775.245
775.248
775.295
775.354
775.363
775.368
775.44
775.747
775.876
775.948
776.052
776.094
776.103
776.21
776.304
776.305
776.398
776.475
776.505
776.564
776.644
776.79
776.941
776.98
777.074
777.179
777.18
777.189
777.198
777.227
777.24
777.265
777.355
777.512
777.947
778.045
778.078
778.113
778.362
778.373
778.408
778.423
778.444
778.742
778.791
778.905
779.11
779.147
779.292
779.408
779.579
779.736
779.762
779.975
780.062
780.071
780.156
780.185
780.192
780.323
780.682
780.771
780.824
780.85
780.942
780.961
781.028
781.091
781.472
781.66
781.752
781.768
781.806
781.963
781.996
782.009
782.08
782.127
782.129
782.281
782.389
782.624
782.75
782.829
782.852
782.897
782.899
782.902
782.974
782.989
783.025
783.074
783.297
783.357
783.439
783.506
783.553
783.616
783.712
783.889
783.892
783.907
784.01
784.095
784.155
784.336
784.397
784.425
784.492
784.515
784.958
785.093
785.125
785.156
785.35
785.418
785.442
785.448
785.561
785.584
785.693
785.813
786.157
786.424
786.536
786.8
787.462
787.463
787.594
787.608
787.671
787.737
787.817
787.839
788.022
788.052
788.214
788.329
788.478
788.575
788.654
788.755
788.83
788.882
788.89
788.967
789.029
789.088
789.3
789.314
789.319
789.357
789.392
789.451
789.529
789.538
789.622
789.641
789.875
789.963
790.252
790.342
790.429
790.625
790.703
790.907
791.029
791.085
791.678
791.779
791.886
791.926
792.347
792.575
792.605
792.735
792.956
793.115
793.134
793.345
793.354
793.429
793.521
793.635
793.832
794.131
794.168
794.17
794.237
794.301
794.317
794.426
794.486
794.691
794.706
794.767
794.819
794.876
795.123
795.333
795.379
795.424
795.507
795.609
795.648
795.729
795.76
795.966
795.974
795.987
796.255
796.29
796.298
796.339
796.591
796.717
796.72
796.792
796.976
797.062
797.369
797.389
797.469
797.559
797.633
797.759
797.812
797.943
798.2
798.35
798.401
798.45
798.54
798.554
798.639
798.659
798.976
799.012
799.021
799.086
799.243
799.389
799.408
799.425
799.446
799.495
799.718
799.743
799.826
799.876
800.041
800.067
800.115
800.199
800.209
800.317
800.414
800.531
800.595
800.673
800.943
801.298
801.482
801.505
801.55
801.569
801.748
801.976
802.033
802.039
802.222
802.829
802.848
802.933
803.013
803.254
803.341
803.56
803.568
803.972
804.033
804.237
804.313
804.712
804.733
804.793
804.815
804.878
804.922
805.02
805.137
805.157
805.185
805.38
805.461
805.522
805.616
805.659
805.688
805.734
805.844
806.008
806.122
806.361
806.475
806.569
806.701
806.717
806.815
806.852
806.889
807.104
807.232
807.511
807.532
807.571
807.586
807.59
807.652
807.656
807.947
808.084
808.139
808.367
808.557
808.565
808.594
809.087
809.214
809.242
809.446
809.517
809.634
809.758
809.795
809.868
809.886
810.024
810.193
810.263
810.294
810.339
810.651
810.833
810.864
810.883
810.892
811.093
811.123
811.129
811.275
811.478
811.518
811.575
811.723
811.987
812.047
812.059
812.223
812.387
812.449
812.588
812.706
812.756
812.783
812.875
813.072
813.213
813.281
813.32
813.503
813.514
813.649
813.775
813.924
813.948
814.246
814.324
814.565
814.766
814.868
815.0
815.14
815.161
815.225
815.315
815.514
815.695
815.857
815.915
816.087
816.182
816.353
816.43
816.436
816.476
816.5
816.568
816.618
816.692
816.815
817.018
817.174
817.397
817.472
817.541
817.929
818.075
818.104
818.113
818.133
818.188
818.349
818.412
818.456
818.546
818.553
818.65
818.678
818.741
818.801
818.883
819.057
819.245
819.307
819.468
819.606
819.684
819.779
819.828
819.844
819.853
820.053
820.126
820.205
820.221
820.225
820.429
820.463
820.558
820.704
820.834
821.049
821.106
821.108
821.164
821.228
821.379
821.586
821.653
821.7
822.003
822.126
822.135
822.327
822.432
822.454
822.461
822.644
822.679
822.831
822.902
822.904
822.938
822.946
822.961
823.031
823.047
823.237
823.339
823.444
823.535
823.545
823.664
823.716
823.717
823.821
823.907
823.978
824.194
824.306
824.352
824.418
824.428
824.487
824.544
824.563
824.581
824.663
824.847
824.93
825.014
825.057
825.059
825.06
825.069
825.206
825.283
825.302
825.473
825.488
825.726
825.753
825.905
826.067
826.105
826.119
826.161
826.189
826.292
826.584
826.69
826.854
826.942
826.964
827.16
827.188
827.267
827.552
827.604
827.828
827.843
827.854
827.867
827.902
827.977
828.13
828.145
828.344
828.442
828.531
828.561
828.735
828.821
828.825
828.856
828.863
829.021
829.176
829.422
829.457
829.529
829.7
829.813
829.818
829.829
829.884
829.92
829.925
829.943
830.002
830.075
830.259
830.324
830.389
830.463
830.481
830.595
830.607
830.635
830.649
830.687
830.705
830.735
830.824
830.827
830.899
830.9
830.907
830.986
831.075
831.154
831.269
831.333
831.422
831.704
831.747
831.768
832.109
832.45
832.491
832.618
832.75
832.754
832.809
833.001
833.015
833.115
833.193
833.318
833.445
833.537
833.642
833.722
833.786
833.919
833.95
834.002
834.253
834.265
834.445
834.445
834.461
834.522
834.575
834.72
834.851
834.909
834.98
835.195
835.199
835.26
835.416
835.46
835.463
835.598
835.823
835.918
836.06
836.119
836.121
836.207
836.31
836.36
836.488
836.52
836.556
836.558
836.593
836.8
836.961
836.972
836.983
837.75
837.782
837.796
837.828
837.831
838.02
838.126
838.134
838.227
838.305
838.454
838.522
838.607
838.628
838.709
839.04
839.065
839.167
839.471
839.538
839.677
839.787
839.835
839.902
839.908
839.957
839.998
840.225
840.296
840.523
840.537
840.647
840.807
840.837
840.883
840.901
841.03
841.037
841.176
841.189
841.19
841.237
841.366
841.381
841.419
841.615
841.621
841.729
841.858
842.019
842.126
842.138
842.385
842.392
842.602
842.845
843.365
843.517
843.524
843.832
843.894
844.01
844.078
844.143
844.223
844.245
844.252
844.293
844.438
844.438
844.656
844.756
844.786
844.84
844.891
844.925
844.964
844.984
844.986
845.016
845.083
845.61
845.678
845.887
846.026
846.103
846.178
846.24
846.249
846.475
846.521
846.978
847.052
847.1
847.119
847.156
847.183
847.186
847.212
847.245
847.276
847.3
847.511
847.692
847.977
848.137
848.165
848.314
848.422
848.445
848.58
848.743
848.746
848.857
848.973
849.096
849.283
849.325
849.347
849.488
849.571
849.587
849.742
849.744
849.841
849.878
850.091
850.308
850.327
850.424
850.552
850.6
850.631
850.687
850.885
851.014
851.078
851.082
851.089
851.178
851.197
851.255
851.423
851.589
851.626
851.806
851.917
851.963
851.987
852.118
852.294
852.322
852.33
852.461
852.547
852.55
852.556
852.649
852.707
852.905
852.99
853.043
853.103
853.421
853.495
853.593
853.709
854.197
854.402
854.408
854.45
854.456
854.592
854.667
854.68
854.721
854.781
855.009
855.118
855.133
855.182
855.361
855.47
855.628
855.658
855.667
855.712
855.757
855.916
855.99
856.223
856.301
856.352
856.361
856.425
856.569
856.818
856.829
856.944
857.024
857.264
857.382
857.452
857.61
857.66
857.811
857.883
858.085
858.15
858.152
858.219
858.628
858.752
858.932
859.051
859.077
859.156
859.157
859.195
859.199
859.248
859.297
859.371
859.682
859.685
859.798
859.805
860.035
860.041
860.111
860.329
860.372
860.498
860.516
860.577
860.612
860.667
860.691
860.788
860.991
861.034
861.075
861.086
861.22
861.646
861.689
861.757
861.946
862.032
862.062
862.203
862.249
862.545
862.545
862.574
862.666
862.744
862.749
862.877
862.904
862.954
862.99
863.068
863.227
863.263
863.318
863.526
863.552
863.647
863.845
863.932
863.946
863.989
864.2
864.208
864.401
864.437
864.454
864.693
864.694
864.895
864.907
864.921
864.932
865.097
865.112
865.739
865.76
865.779
865.918
865.964
865.977
866.222
866.411
866.417
866.456
866.667
866.779
866.896
866.919
866.95
867.045
867.075
867.205
867.264
867.345
867.372
867.515
867.594
867.602
867.615
867.631
867.764
867.923
867.932
868.075
868.378
868.632
868.74
868.94
868.943
868.976
869.082
869.225
869.239
869.254
869.266
869.399
869.403
869.495
869.681
869.728
869.74
869.752
870.207
870.253
870.393
870.497
870.641
870.806
871.054
871.087
871.11
871.144
871.264
871.31
871.344
871.391
871.413
871.456
871.703
871.776
871.819
871.855
871.982
872.005
872.043
872.23
872.542
872.606
872.884
872.972
872.997
873.011
873.083
873.471
873.501
873.538
873.824
873.92
873.951
874.299
874.31
874.348
874.518
874.609
874.686
874.717
874.792
874.826
874.973
875.213
875.458
875.762
875.816
875.903
875.935
876.013
876.102
876.217
876.261
876.284
876.292
876.372
876.377
876.541
876.545
876.567
876.657
876.781
876.867
876.949
876.983
877.0
877.149
877.254
877.263
877.269
877.5
877.604
877.845
877.849
877.851
878.17
878.194
878.229
878.271
878.315
878.37
878.818
878.903
879.313
879.381
879.539
879.7
879.712
879.804
879.853
879.968
879.994
880.086
880.162
880.215
880.229
880.24
880.379
880.416
880.448
880.472
880.584
880.685
881.001
881.024
881.107
881.123
881.196
881.346
881.441
881.544
881.765
881.985
882.036
882.133
882.188
882.229
882.23
882.24
882.393
882.456
882.572
882.715
882.796
882.923
883.176
883.274
883.368
883.425
883.661
883.77
883.805
883.923
883.925
883.927
884.12
884.137
884.165
884.181
884.331
884.36
884.509
884.59
884.681
884.694
884.815
884.889
884.995
885.074
885.247
885.266
885.285
885.353
885.364
885.417
885.507
885.542
885.681
885.695
885.699
885.734
885.769
886.044
886.053
886.061
886.068
886.118
886.119
886.291
886.743
886.748
886.777
886.807
886.812
886.962
887.167
887.374
887.722
887.821
887.973
888.006
888.026
888.045
888.712
888.896
889.444
889.524
889.61
889.639
889.658
889.685
889.79
890.026
890.04
890.201
890.277
890.373
890.544
890.593
890.949
891.07
891.264
891.276
891.298
891.322
891.358
891.371
891.528
891.597
891.614
891.962
892.03
892.114
892.135
892.302
892.417
892.508
892.541
892.57
892.577
892.698
892.71
892.734
892.81
892.975
893.015
893.073
893.179
893.252
893.3
893.356
893.502
893.579
893.662
893.749
893.759
893.761
893.822
893.835
893.87
893.876
893.976
894.013
894.249
894.623
894.633
894.771
895.021
895.059
895.148
895.212
895.287
895.34
895.365
895.411
895.472
895.646
895.705
895.755
895.91
895.912
896.057
896.111
896.307
896.76
896.848
896.849
897.069
897.266
897.295
897.435
897.576
897.631
897.719
897.723
897.809
897.844
898.027
898.059
898.187
898.568
898.647
898.65
898.673
898.906
899.03
899.2
899.218
899.362
899.388
899.393
899.412
899.46
899.51
899.849
899.85
899.982
900.184
900.202
900.265
900.535
900.686
900.695
901.09
901.162
901.208
901.278
901.462
901.497
901.508
901.595
901.641
901.654
901.811
901.939
902.109
902.364
902.531
902.967
902.988
903.066
903.077
903.086
903.184
903.432
903.523
903.686
903.725
903.809
903.864
903.961
904.069
904.104
904.166
904.389
904.578
904.632
904.648
904.694
904.714
904.72
904.812
904.848
904.851
904.879
904.963
905.04
905.046
905.301
905.437
905.624
905.984
906.032
906.134
906.194
906.279
906.341
906.561
906.586
906.688
906.785
907.022
907.085
907.198
907.273
907.327
907.368
907.389
907.51
907.567
907.619
907.634
907.681
907.88
907.976
908.104
908.152
908.356
908.478
908.519
908.544
908.58
908.611
908.831
908.902
909.006
909.161
909.191
909.383
909.591
909.647
909.751
909.848
909.886
910.106
910.158
910.22
910.259
910.285
910.412
910.441
910.481
910.489
910.554
910.566
910.76
910.831
910.864
910.884
910.978
911.426
911.48
911.482
911.918
912.065
912.297
912.462
912.636
912.854
912.995
913.034
913.185
913.352
913.424
913.566
913.899
914.038
914.059
914.341
914.524
914.594
914.653
914.737
914.826
914.903
914.96
915.106
915.132
915.2
915.318
915.654
915.737
915.795
916.037
916.201
916.206
916.325
916.486
916.554
916.577
917.472
917.547
917.598
917.738
917.781
917.808
917.96
918.067
918.244
918.247
918.349
918.386
918.446
918.543
918.896
919.012
919.059
919.085
919.159
919.456
919.697
919.757
919.787
919.982
920.089
920.15
920.152
920.437
920.494
920.516
920.577
920.585
920.587
920.63
920.645
920.889
920.897
920.948
921.021
921.096
921.198
921.402
921.451
921.47
921.645
921.652
921.689
921.773
921.864
921.869
921.946
922.056
922.33
922.574
922.743
922.982
923.044
923.053
923.197
923.323
923.337
923.409
923.423
923.471
923.699
923.704
923.797
923.958
924.078
924.155
924.175
924.349
924.366
924.466
924.738
924.748
924.932
924.967
925.001
925.152
925.245
925.412
925.425
925.639
925.735
925.765
925.805
925.861
926.028
926.303
926.69
926.705
926.906
926.922
927.062
927.083
927.392
927.44
927.488
927.582
927.637
927.958
928.022
928.057
928.132
928.198
928.225
928.28
928.469
928.506
928.576
928.585
928.602
928.651
928.689
928.712
928.829
928.883
928.955
929.137
929.157
929.292
929.32
929.386
929.494
929.691
929.824
929.992
930.047
930.111
930.132
930.206
930.264
930.267
930.35
930.427
930.44
930.455
930.748
930.77
930.849
930.927
930.958
931.005
931.052
931.056
931.06
931.197
931.198
931.241
931.381
931.383
931.393
931.419
931.503
931.572
931.696
931.761
931.957
932.113
932.156
932.326
932.463
932.476
932.565
932.623
932.712
932.823
932.893
933.045
933.063
933.074
933.091
933.104
933.489
933.666
933.795
933.85
933.898
933.966
934.018
934.057
934.141
934.16
934.199
934.545
934.547
934.673
934.738
934.749
934.927
935.098
935.237
935.548
935.561
935.698
935.713
935.923
936.043
936.065
936.186
936.343
936.454
936.639
936.961
936.964
937.033
937.11
937.196
937.652
937.66
937.843
937.987
938.027
938.32
938.343
938.504
938.635
938.908
939.37
939.43
939.477
939.56
939.697
939.786
939.816
939.848
939.999
940.396
940.49
940.548
940.867
940.938
940.94
940.967
941.008
941.051
941.129
941.141
941.312
941.396
941.446
941.46
941.503
941.632
941.692
941.727
941.737
942.117
942.124
942.372
942.424
942.434
942.494
942.611
942.662
942.852
943.041
943.08
943.103
943.161
943.187
943.343
943.375
943.473
943.718
943.755
943.76
943.845
943.985
944.081
944.097
944.159
944.206
944.609
944.727
944.767
944.886
944.904
945.347
945.41
945.475
945.493
945.627
945.695
945.737
945.754
945.8
945.995
946.002
946.051
946.116
946.139
946.205
946.318
946.402
946.484
946.543
946.601
947.242
947.254
947.303
947.338
947.421
947.543
947.615
947.632
947.637
947.714
947.758
947.879
947.891
947.962
948.112
948.112
948.15
948.293
948.393
948.411
948.459
948.505
948.678
948.75
948.758
948.985
949.017
949.03
949.246
949.509
949.522
949.556
949.574
949.631
949.745
949.788
949.881
949.944
949.966
949.993
950.123
950.188
950.213
950.225
950.233
950.244
950.313
950.325
950.381
950.457
950.467
950.492
950.505
950.6
950.772
950.775
950.787
950.787
950.848
951.101
951.155
951.169
951.428
951.787
952.042
952.074
952.074
952.103
952.334
952.401
952.449
952.465
952.497
952.509
952.685
952.824
953.035
953.18
953.219
953.3
953.505
953.521
953.721
953.875
954.046
954.145
954.263
954.366
954.389
954.396
954.999
955.099
955.257
955.37
955.404
955.416
955.589
955.778
956.093
956.337
956.471
956.578
956.594
956.649
956.654
956.685
956.707
956.879
956.938
956.99
957.07
957.077
957.134
957.249
957.388
957.419
957.547
957.59
957.666
957.878
958.039
958.186
958.254
958.355
958.666
958.772
958.811
958.815
958.84
958.843
958.897
958.967
958.971
959.011
959.3
959.47
959.96
960.225
960.29
960.297
960.361
960.383
960.549
960.643
960.681
960.878
961.009
961.237
961.244
961.256
961.464
961.672
961.685
961.812
962.029
962.064
962.068
962.331
962.57
962.571
962.66
962.722
962.812
962.86
962.87
963.037
963.043
963.048
963.176
963.326
963.555
963.654
963.697
963.791
963.816
964.129
964.179
964.23
964.389
964.408
964.431
964.585
964.616
964.769
965.04
965.138
965.257
965.261
965.341
965.503
965.546
965.563
965.652
965.675
965.734
965.821
965.913
965.958
966.025
966.057
966.221
966.32
966.41
966.501
967.257
967.724
967.743
967.854
968.139
968.172
968.194
968.219
968.419
968.477
968.771
968.793
968.815
968.876
968.927
968.957
969.135
969.235
969.357
969.434
969.786
969.871
969.915
970.008
970.054
970.17
970.176
970.177
970.219
970.287
970.303
970.345
970.351
970.447
970.473
970.514
970.534
970.557
970.669
970.701
970.822
970.835
970.87
971.237
971.368
971.471
971.841
971.875
972.15
972.53
972.66
972.684
972.72
972.788
972.862
973.114
973.165
973.268
973.271
973.457
973.673
973.757
973.904
973.982
974.094
974.152
974.194
974.264
974.412
974.522
974.531
974.554
974.666
974.978
975.037
975.287
975.58
975.587
975.603
975.666
975.712
975.717
975.783
976.233
976.36
976.479
976.504
976.718
976.833
976.89
977.042
977.046
977.172
977.282
977.297
977.445
977.562
977.601
977.645
977.81
977.884
978.029
978.044
978.235
978.236
978.252
978.516
978.57
978.655
978.703
978.738
978.758
978.856
978.906
979.072
979.274
979.291
979.329
979.409
979.51
979.516
979.535
979.587
979.69
980.046
980.088
980.138
980.311
980.434
980.511
980.557
981.034
981.071
981.082
981.096
981.29
981.407
981.412
981.465
981.678
981.715
981.885
981.986
982.056
982.115
982.19
982.203
982.244
982.325
982.334
982.508
982.644
982.727
982.753
982.817
982.843
982.92
982.947
983.135
983.303
983.492
983.616
983.707
984.065
984.8
984.817
984.828
984.829
984.862
984.928
984.999
984.999
985.121
985.226
985.243
985.272
985.299
985.538
985.635
985.663
985.708
985.762
985.927
985.94
985.962
985.99
986.219
986.245
986.344
986.496
986.555
986.982
987.151
987.176
987.234
987.313
987.496
987.54
987.604
987.65
987.731
987.868
987.954
988.229
988.238
988.563
988.634
988.693
988.992
989.294
989.472
989.577
989.583
989.605
989.657
989.795
989.877
989.886
990.016
990.461
990.506
990.52
990.571
990.776
990.962
991.04
991.113
991.131
991.173
991.263
991.317
991.394
991.562
991.587
991.628
991.724
992.02
992.23
992.629
992.678
992.777
992.853
992.993
993.0
993.333
993.486
993.764
993.804
993.849
993.977
993.988
994.042
994.085
994.104
994.173
994.225
994.257
994.346
994.351
994.38
994.466
994.552
994.581
994.584
994.849
994.891
995.058
995.152
995.238
995.298
995.337
995.581
995.636
995.781
995.8
995.827
995.856
995.904
996.069
996.176
996.199
996.258
996.532
996.66
996.735
996.795
996.902
997.177
997.214
997.421
997.424
997.451
997.481
997.547
997.708
998.041
998.043
998.056
998.062
998.08
998.233
998.252
998.356
998.656
998.679
998.687
998.723
998.813
998.949
999.055
999.19
999.491
999.509
999.551
999.578
999.691
999.701
999.701
999.761
999.837
999.975
