999.961
999.885
999.855
999.692
999.681
999.456
999.179
999.101
998.953
998.796
998.771
998.746
998.722
998.595
998.495
998.429
998.349
998.321
998.165
997.944
997.883
997.84
997.687
997.606
997.519
997.398
997.372
997.103
997.002
996.926
996.799
996.635
996.6
996.591
996.425
996.386
996.332
996.297
996.204
996.156
996.106
995.877
995.734
995.706
995.613
995.547
995.433
995.425
995.374
995.306
995.293
995.231
995.074
994.743
994.693
994.422
994.374
994.349
994.167
994.079
994.057
993.851
993.84
993.836
993.833
993.827
993.809
993.71
993.574
993.573
993.452
993.45
993.382
993.332
993.329
993.329
993.024
992.873
992.806
992.676
992.582
992.526
992.498
992.337
992.138
991.991
991.98
991.97
991.949
991.841
991.557
991.528
991.425
991.417
991.388
991.367
991.36
991.267
990.817
990.703
990.66
990.53
990.401
990.224
990.146
989.939
989.938
989.929
989.843
989.663
989.555
989.503
989.232
989.191
989.106
988.913
988.818
988.815
988.732
988.703
988.524
988.424
988.367
988.116
988.065
988.062
988.018
987.76
987.736
987.545
987.478
987.454
987.407
987.394
987.35
986.948
986.762
986.71
986.685
986.518
986.512
986.376
986.36
986.187
985.941
985.894
985.81
985.626
985.572
985.472
985.472
985.389
985.221
985.161
985.098
985.092
985.077
984.856
984.842
984.69
984.641
984.506
984.469
984.433
984.242
984.039
983.886
983.833
983.781
983.668
983.522
983.372
983.297
983.269
983.197
983.189
983.142
983.023
983.009
982.97
982.958
982.914
982.86
982.837
982.509
982.453
982.173
982.124
982.104
982.095
982.012
982.011
981.789
981.6
981.549
981.542
981.525
981.349
981.304
981.056
980.977
980.768
980.735
980.668
980.583
980.557
980.544
980.533
980.5
980.422
979.911
979.777
979.717
979.596
979.191
979.007
978.591
978.559
978.261
978.228
978.128
978.064
977.991
977.98
977.954
977.953
977.88
977.857
977.852
977.801
977.761
977.721
977.565
977.513
977.411
977.327
977.296
977.232
977.229
977.018
976.527
976.499
976.404
976.306
976.288
976.246
976.133
975.973
975.895
975.888
975.698
975.43
975.419
975.398
975.392
975.388
975.274
975.207
974.761
974.747
974.692
974.59
974.588
974.554
974.479
974.377
974.178
974.157
974.058
974.036
973.846
973.799
973.768
973.661
973.614
973.521
973.392
973.335
973.035
972.994
972.871
972.731
972.729
972.674
972.672
972.471
972.468
972.411
972.284
972.156
972.117
971.986
971.95
971.938
971.861
971.826
971.67
971.584
971.515
971.466
971.431
971.327
971.25
971.236
971.17
971.095
971.084
970.995
970.992
970.953
970.785
970.712
970.608
970.501
970.388
970.384
970.163
970.076
969.903
969.86
969.812
969.81
969.656
969.45
969.133
968.883
968.752
968.739
968.449
968.241
968.033
967.989
967.981
967.967
967.889
967.848
967.499
967.47
967.317
967.118
967.103
967.077
966.941
966.782
966.745
966.571
966.526
966.445
966.415
966.18
966.081
965.926
965.824
965.713
965.705
965.548
965.548
965.207
965.115
964.849
964.669
964.531
964.387
964.329
964.182
964.077
963.942
963.898
963.858
963.666
963.645
963.608
963.279
963.216
963.059
962.97
962.816
962.794
962.527
962.422
962.405
962.22
962.205
962.2
961.697
961.69
961.638
961.505
961.458
961.39
961.004
960.835
960.294
960.105
960.086
959.975
959.939
959.922
959.858
959.838
959.427
958.766
958.759
958.739
958.599
958.523
958.366
958.327
958.244
958.178
958.101
958.095
958.043
957.984
957.903
957.811
957.729
957.67
957.592
957.518
957.511
957.422
957.29
957.207
956.999
956.959
956.827
956.784
956.777
956.709
956.698
956.679
956.647
956.49
956.481
956.352
956.217
956.194
956.155
956.117
956.055
956.034
956.022
956.017
955.96
955.838
955.831
955.687
955.197
955.166
955.144
954.701
954.685
954.657
954.441
954.304
954.234
954.158
954.091
954.08
954.045
954.022
954.018
953.69
953.453
953.255
953.139
953.079
952.966
952.79
952.695
952.622
952.618
952.514
952.489
952.381
952.36
952.305
952.278
952.148
952.093
952.092
952.021
951.94
951.922
951.839
951.822
951.818
951.807
951.676
951.676
951.589
951.555
951.494
951.411
951.394
951.297
951.273
950.802
950.642
950.561
950.53
950.428
950.422
950.422
950.369
950.07
950.037
950.027
949.869
949.819
949.722
949.699
949.698
949.685
949.618
949.469
949.371
949.352
949.245
948.644
948.571
948.436
948.207
948.163
947.964
947.893
947.855
947.509
947.508
947.497
947.456
947.388
947.385
947.324
947.238
947.136
947.088
947.084
946.919
946.866
946.794
946.768
946.716
946.659
946.516
946.499
946.399
946.358
946.305
946.303
946.095
945.949
945.869
945.777
945.598
945.428
945.23
945.15
945.121
945.069
945.063
944.991
944.973
944.935
944.873
944.805
944.778
944.693
944.675
944.602
944.564
944.494
944.268
944.157
944.006
943.902
943.728
943.56
943.309
943.169
943.117
943.016
943.016
942.743
942.734
942.721
942.602
942.575
942.469
942.157
942.029
942.028
941.991
941.859
941.643
941.599
941.526
941.39
941.283
941.155
941.079
941.061
940.811
940.769
940.682
940.647
940.611
940.423
940.391
940.263
940.105
939.902
939.841
939.789
939.721
939.649
939.642
939.498
939.478
939.417
939.377
939.303
939.302
939.264
939.215
939.141
939.129
939.052
939.047
939.023
939.012
938.979
938.964
938.72
938.673
938.647
938.646
938.583
938.52
938.47
938.454
938.242
938.212
938.163
938.096
937.828
937.404
937.361
937.288
937.274
937.271
936.793
936.719
936.541
936.291
936.164
936.076
936.036
935.854
935.821
935.668
935.657
935.57
935.561
935.45
935.37
935.28
935.212
935.199
935.076
935.02
934.993
934.968
934.932
934.682
934.234
934.206
934.146
934.128
934.014
933.989
933.913
933.843
933.776
933.423
933.296
933.245
933.244
933.138
933.096
933.069
932.965
932.935
932.692
932.619
932.56
932.514
932.513
932.348
932.082
931.842
931.817
931.719
931.671
931.631
931.53
931.369
931.368
931.242
931.239
931.127
931.068
931.024
930.963
930.891
930.876
930.849
930.848
930.645
930.634
930.501
930.441
930.39
930.248
930.22
930.147
930.089
929.719
929.513
929.475
929.222
929.152
929.143
929.116
929.043
929.017
928.972
928.808
928.649
928.446
928.438
928.147
928.1
927.982
927.936
927.849
927.778
927.766
927.714
927.633
927.625
927.623
927.597
927.494
927.433
927.37
927.348
927.206
926.769
926.75
926.733
926.694
926.652
926.554
926.55
926.523
926.371
926.281
926.158
926.111
925.972
925.967
925.966
925.957
925.956
925.882
925.665
925.658
925.493
925.392
925.307
925.255
925.221
925.015
924.933
924.907
924.894
924.833
924.768
924.608
924.517
924.325
924.022
923.908
923.894
923.764
923.737
923.668
923.454
923.338
923.33
923.122
923.04
923.006
922.838
922.722
922.688
922.642
922.585
922.556
922.542
922.351
922.305
922.255
922.166
922.026
921.773
921.607
921.566
921.534
921.512
921.411
921.323
921.246
921.202
921.183
921.093
921.041
920.925
920.911
920.9
920.61
920.57
920.566
919.97
919.568
919.482
919.449
919.391
919.112
918.942
918.877
918.64
918.478
918.455
918.273
918.196
918.113
918.072
917.959
917.632
917.557
917.446
917.432
917.257
917.245
917.202
917.16
917.077
917.037
917.002
916.937
916.817
916.647
916.358
916.331
916.301
916.211
915.786
915.745
915.606
915.573
915.492
915.487
915.297
915.223
915.175
915.041
914.937
914.9
914.703
914.578
914.576
914.454
914.322
914.288
914.196
914.162
914.026
914.007
913.859
913.379
913.136
913.102
913.083
912.904
912.87
912.853
912.566
912.518
912.488
912.071
911.812
911.676
911.564
911.484
911.34
911.25
911.132
911.028
910.948
910.683
910.677
910.626
910.574
910.422
910.351
910.34
910.276
910.134
909.938
909.788
909.736
909.723
909.639
909.632
909.582
909.524
909.438
909.371
909.366
909.303
909.129
908.776
908.679
908.652
908.483
908.399
908.207
908.144
908.107
907.897
907.87
907.811
907.803
907.694
907.638
907.461
907.383
906.863
906.857
906.641
906.637
906.589
906.564
906.56
906.484
906.284
906.235
906.187
906.101
906.07
906.037
905.954
905.93
905.915
905.896
905.886
905.739
905.677
905.585
905.338
905.257
905.232
905.168
905.072
904.976
904.835
904.825
904.71
904.6
904.15
904.044
904.032
903.928
903.806
903.802
903.712
903.676
903.535
903.493
903.435
903.425
903.296
903.118
903.113
902.962
902.905
902.743
902.697
902.564
902.45
902.436
902.417
902.368
902.349
902.328
902.322
902.21
902.198
902.168
901.97
901.956
901.72
901.622
901.526
901.463
901.09
901.078
901.067
901.029
900.866
900.587
900.524
900.084
899.998
899.9
899.851
899.37
899.283
898.975
898.937
898.715
898.7
898.535
898.224
898.171
898.163
898.139
897.877
897.866
897.831
897.806
897.793
897.741
897.733
897.691
897.637
897.552
897.444
897.278
897.222
897.217
897.039
896.898
896.708
896.601
896.572
896.315
896.14
895.735
895.695
895.688
895.62
895.502
895.361
895.186
895.149
895.002
894.916
894.812
894.768
894.74
894.526
894.479
894.383
894.284
894.258
894.009
893.96
893.943
893.861
893.802
893.724
893.592
893.395
893.312
893.266
893.245
893.151
893.115
893.109
892.887
892.755
892.533
892.415
892.398
892.264
892.124
892.048
892.046
891.891
891.574
891.515
891.136
891.119
891.01
890.802
890.783
890.459
890.449
890.049
889.978
889.949
889.853
889.831
889.819
889.252
889.136
889.007
888.979
888.926
888.885
888.026
888.024
887.989
887.869
887.867
887.639
887.614
887.519
887.208
887.199
887.176
887.159
887.082
887.027
886.962
886.895
886.827
886.658
886.638
886.608
886.567
886.507
886.318
886.267
885.922
885.91
885.67
885.624
885.377
885.265
885.252
885.194
885.111
885.037
884.918
884.898
884.878
884.861
884.778
884.728
884.705
884.652
884.627
884.523
884.327
884.263
884.07
884.045
884.043
884.042
883.973
883.775
883.744
883.706
883.649
883.473
883.466
883.461
883.443
883.312
883.288
883.197
883.155
882.945
882.703
882.636
882.59
882.412
882.362
882.281
882.262
882.23
881.896
881.746
881.728
881.292
881.261
881.153
881.012
881.007
880.901
880.742
880.714
880.64
880.368
880.358
880.338
880.186
880.145
880.131
880.106
880.085
879.995
879.923
879.851
879.765
879.749
879.667
879.586
879.523
879.496
879.304
879.291
879.286
879.172
879.146
878.99
878.953
878.943
878.902
878.855
878.836
878.819
878.578
878.569
878.55
878.542
878.526
878.518
878.367
878.12
878.08
877.988
877.873
877.754
877.748
877.699
877.467
877.441
877.383
877.38
877.319
877.214
877.053
877.044
876.941
876.622
876.578
876.529
876.325
876.277
876.232
876.118
876.106
875.813
875.746
875.73
875.703
875.639
875.611
875.416
875.405
875.326
875.005
874.884
874.866
874.841
874.811
874.756
874.682
874.595
874.549
874.518
874.479
874.472
874.282
874.154
874.012
873.943
873.929
873.619
873.317
873.262
873.161
872.942
872.941
872.644
872.574
872.574
872.464
872.452
872.429
872.281
872.126
871.966
871.867
871.833
871.699
871.653
871.639
871.634
871.606
871.582
871.519
871.45
871.16
871.137
871.087
871.078
871.056
871.043
870.994
870.908
870.869
870.803
870.676
870.639
870.622
870.583
870.564
870.557
870.041
869.788
869.704
869.699
869.578
869.568
869.525
869.371
869.095
868.765
868.657
868.594
868.49
868.478
868.419
868.241
868.232
868.181
868.172
868.122
867.897
867.81
867.564
867.458
867.457
867.343
867.318
867.223
867.139
866.987
866.922
866.912
866.781
866.743
866.741
866.61
866.541
866.524
866.488
866.463
866.453
866.234
866.174
866.144
865.975
865.954
865.915
865.904
865.877
865.836
865.761
865.745
865.64
865.524
865.432
865.274
865.107
865.051
864.892
864.764
864.637
864.549
864.532
864.489
864.462
864.385
864.368
864.268
864.235
864.061
864.06
864.032
863.995
863.866
863.826
863.762
863.587
863.586
863.515
863.493
863.45
863.262
863.045
862.938
862.88
862.835
862.791
862.607
862.484
862.46
862.341
862.123
862.053
861.984
861.901
861.614
861.55
861.455
861.386
861.35
861.151
861.142
861.061
860.977
860.846
860.816
860.781
860.781
860.514
860.384
860.36
860.221
860.11
860.071
859.964
859.811
859.776
859.712
859.64
859.635
859.634
859.613
859.598
859.514
859.422
859.397
859.004
858.977
858.941
858.902
858.742
858.694
858.643
858.634
858.563
858.425
858.377
858.357
858.272
858.235
858.233
858.224
858.056
857.987
857.922
857.849
857.838
857.829
857.819
857.643
857.584
857.533
857.508
857.438
857.408
857.38
857.33
857.286
857.082
857.047
857.029
856.887
856.776
856.566
856.513
856.492
856.391
856.336
856.328
856.176
856.136
856.082
856.082
856.028
855.935
855.88
855.835
855.814
855.764
855.732
855.625
855.624
855.618
855.617
855.543
855.51
855.434
855.285
855.277
855.232
854.896
854.86
854.789
854.606
854.418
854.197
854.153
853.938
853.863
853.792
853.79
853.782
853.692
853.591
853.574
853.509
853.305
853.19
853.171
853.164
853.066
853.03
852.892
852.881
852.876
852.786
852.685
852.655
852.616
852.549
852.401
852.274
851.974
851.841
851.801
851.733
851.715
851.544
851.541
851.502
851.355
851.324
851.176
851.155
851.117
850.937
850.81
850.806
850.796
850.779
850.689
850.556
850.353
850.269
850.244
849.921
849.758
849.741
849.691
849.559
849.327
849.211
849.157
849.064
848.918
848.901
848.777
848.756
848.74
848.735
848.577
848.438
848.405
848.32
848.186
848.085
848.042
848.033
848.014
847.956
847.899
847.756
847.591
847.483
847.397
847.395
847.372
847.345
847.345
847.256
847.159
847.0
846.898
846.845
846.789
846.655
846.553
846.531
846.431
846.262
846.024
845.964
845.902
845.715
845.477
845.474
845.138
845.091
845.025
844.756
844.702
844.471
844.374
844.341
844.322
844.302
844.199
844.185
844.076
843.944
843.938
843.874
843.87
843.766
843.676
843.674
843.644
843.461
843.454
843.382
843.197
843.097
843.097
842.871
842.809
842.692
842.633
842.567
842.402
842.367
842.303
842.19
842.176
841.87
841.685
841.453
841.339
841.184
841.095
840.891
840.871
840.737
840.696
840.689
840.535
840.365
840.331
840.273
840.042
840.025
840.012
839.965
839.928
839.865
839.854
839.844
839.844
839.805
839.681
839.626
839.509
839.4
839.4
839.226
839.028
839.014
838.958
838.93
838.835
838.543
838.373
838.305
838.291
838.148
838.13
838.035
838.002
837.735
837.661
837.368
837.362
837.329
837.267
837.24
837.105
837.036
837.026
836.87
836.867
836.828
836.805
836.745
836.708
836.507
836.476
836.424
836.301
836.284
836.217
836.148
836.123
836.035
836.024
835.977
835.917
835.647
835.511
835.289
835.223
835.034
835.021
834.957
834.845
834.772
834.539
834.308
834.139
834.137
833.631
833.611
833.6
833.447
833.368
833.314
833.24
833.063
832.876
832.706
832.528
832.477
832.443
832.367
832.284
832.279
832.005
831.788
831.36
831.293
831.288
831.215
831.088
831.069
830.66
830.493
830.286
830.23
830.135
830.085
829.932
829.9
829.864
829.76
829.693
829.508
829.385
829.191
829.189
829.166
829.114
829.032
828.909
828.836
828.808
828.8
828.677
828.538
828.345
828.224
828.214
827.981
827.872
827.848
827.75
827.514
827.501
827.305
827.28
827.184
827.009
826.718
826.382
826.205
826.154
826.132
826.117
825.976
825.805
825.58
825.536
825.513
825.405
825.202
825.176
825.167
825.111
824.783
824.672
824.571
824.551
824.45
824.4
824.088
823.814
823.741
823.729
823.704
823.647
823.623
823.564
823.364
823.173
823.158
823.12
823.005
823.003
822.929
822.785
822.781
822.525
822.357
822.204
822.167
822.109
822.088
822.085
821.938
821.851
821.816
821.812
821.764
821.756
821.6
821.466
821.321
821.147
821.076
821.037
820.766
820.745
820.738
820.638
820.611
820.344
820.185
820.17
820.133
820.017
820.0
819.984
819.857
819.848
819.783
819.703
819.458
819.352
819.338
819.331
819.221
819.201
819.198
819.071
819.064
818.951
818.821
818.801
818.642
818.51
818.357
818.152
818.145
818.052
818.05
817.958
817.945
817.861
817.579
817.573
817.213
816.966
816.916
816.82
816.815
816.812
816.478
816.394
816.277
816.25
816.014
815.886
815.88
815.842
815.832
815.729
815.722
815.713
815.686
815.671
815.655
815.624
815.504
815.315
815.195
815.193
815.18
814.839
814.729
814.625
814.523
814.413
814.412
814.319
814.199
814.011
813.703
813.647
813.223
813.073
812.814
812.753
812.709
812.633
812.498
812.342
812.267
812.162
812.113
811.972
811.768
811.6
811.415
811.392
811.33
811.108
810.905
810.76
810.697
810.656
810.601
810.396
810.349
810.333
810.283
810.256
810.001
809.911
809.895
809.733
809.718
809.682
809.6
809.522
809.511
809.452
809.412
809.361
809.14
809.108
809.104
809.09
809.055
808.994
808.842
808.75
808.58
808.38
808.151
808.01
807.995
807.893
807.834
807.786
807.752
807.701
807.682
807.651
807.604
807.525
807.374
807.3
807.288
807.128
806.782
806.707
806.677
806.615
806.593
806.556
806.511
806.49
806.475
806.232
806.181
806.027
805.941
805.82
805.764
805.743
805.706
805.607
805.59
805.551
805.306
805.294
805.207
805.044
805.033
804.867
804.852
804.698
804.667
804.65
804.495
804.456
804.396
804.3
804.255
804.056
804.051
803.858
803.817
803.806
803.647
803.6
803.52
803.519
803.475
803.452
803.3
802.912
802.902
802.854
802.755
802.538
802.464
802.421
802.389
802.361
802.33
802.304
802.217
802.182
802.175
802.109
801.957
801.829
801.718
801.535
801.509
801.382
801.243
801.177
801.174
801.128
801.032
801.029
801.002
800.823
800.698
800.411
800.346
800.328
800.217
800.187
800.07
800.027
799.973
799.801
799.739
799.728
799.705
799.616
799.598
799.59
799.517
799.423
799.301
799.13
799.1
798.391
798.314
798.19
798.09
797.97
797.89
797.87
797.826
797.805
797.677
797.485
797.472
797.369
797.364
797.24
797.163
797.142
796.874
796.815
796.707
796.633
796.537
796.462
796.412
796.215
796.177
796.095
795.903
795.686
795.596
795.58
795.559
795.441
795.382
795.15
795.139
795.103
794.989
794.881
794.842
794.797
794.635
794.398
794.325
794.088
794.08
794.009
794.0
793.946
793.892
793.787
793.785
793.715
793.712
793.326
793.183
793.107
792.985
792.984
792.832
792.621
792.614
792.46
792.42
792.329
792.281
792.235
792.137
792.118
791.829
791.755
791.523
791.449
791.151
791.111
791.08
791.073
791.04
790.985
790.759
790.681
790.592
790.571
790.486
790.409
790.342
790.299
790.298
790.205
790.174
790.08
789.883
789.695
789.488
789.464
789.461
789.408
789.408
789.356
789.272
789.22
789.186
789.098
789.025
788.873
788.871
788.74
788.726
788.714
788.712
788.706
788.706
788.616
788.352
788.218
788.157
788.088
788.046
787.885
787.817
787.769
787.722
787.558
787.416
787.379
787.372
787.162
787.091
786.807
786.395
786.0
785.957
785.891
785.824
785.717
785.63
785.53
785.384
785.279
785.243
785.082
785.034
784.926
784.926
784.905
784.781
784.67
784.645
784.603
784.417
784.409
784.288
784.272
784.135
784.135
783.9
783.809
783.749
783.701
783.617
783.409
783.352
783.192
783.168
783.15
782.418
782.41
782.375
782.316
782.266
782.194
781.971
781.899
781.865
781.753
781.694
781.665
781.565
781.476
781.419
781.36
781.124
780.998
780.845
780.796
780.584
780.2
780.116
780.015
780.002
779.973
779.563
779.455
779.447
779.409
779.406
779.286
779.281
779.207
779.158
779.117
778.927
778.927
778.895
778.781
778.664
778.311
778.245
778.161
777.919
777.918
777.726
777.501
777.364
777.307
777.155
777.14
777.085
777.027
776.834
776.803
776.744
776.739
776.737
776.688
776.647
776.508
776.501
776.473
776.317
776.21
776.204
775.931
775.893
775.867
775.782
775.736
775.728
775.618
775.532
775.387
775.262
775.239
775.181
775.07
774.893
774.868
774.827
774.774
774.719
774.688
774.571
774.535
774.503
774.379
774.185
773.917
773.875
773.719
773.47
773.465
773.205
772.98
772.854
772.851
772.794
772.762
772.601
772.561
772.403
772.348
772.189
772.059
771.955
771.938
771.911
771.855
771.847
771.723
771.698
771.69
771.646
771.554
771.48
771.436
771.376
770.882
770.846
770.795
770.636
770.595
770.583
770.455
770.432
770.101
770.062
770.043
770.021
769.97
769.602
769.586
769.503
769.415
769.322
769.175
769.147
769.138
769.028
769.02
768.947
768.885
768.774
768.752
768.736
768.675
768.452
768.372
768.313
768.309
768.164
768.142
768.032
767.831
767.479
767.464
767.438
767.317
767.316
767.247
767.18
766.896
766.751
766.698
766.682
766.519
766.507
766.329
766.247
766.213
766.104
766.075
766.072
766.028
765.884
765.792
765.7
765.491
765.474
765.384
765.359
765.322
765.305
765.236
765.185
765.159
765.083
765.059
764.92
764.906
764.874
764.722
764.598
764.592
764.565
764.399
764.359
764.221
764.127
763.792
763.703
763.69
763.662
763.655
763.294
763.288
763.095
763.019
763.009
762.904
762.891
762.802
762.59
762.576
762.528
762.524
762.505
762.448
762.445
762.333
762.275
762.182
762.156
761.932
761.814
761.798
761.536
761.489
761.454
761.452
761.439
761.394
761.143
760.956
760.877
760.71
760.7
760.562
760.325
760.285
760.022
759.993
759.926
759.854
759.848
759.764
759.752
759.582
759.445
759.444
759.432
759.204
759.084
758.91
758.886
758.825
758.816
758.803
758.528
758.514
758.196
758.125
758.044
757.932
757.855
757.724
757.634
757.519
757.411
757.154
757.151
757.044
756.819
756.743
756.669
756.664
756.571
756.498
756.36
756.355
756.264
756.234
756.232
756.181
756.029
755.93
755.899
755.871
755.735
755.686
755.648
755.605
755.558
755.547
755.515
755.475
755.367
755.343
755.216
755.124
754.942
754.941
754.663
754.564
754.405
754.303
754.148
754.104
754.038
753.807
753.74
753.571
753.459
753.345
753.304
753.194
753.157
752.989
752.907
752.887
752.824
752.709
752.569
752.506
752.436
752.37
752.267
752.262
752.146
752.055
751.923
751.825
751.649
751.486
751.469
751.413
751.379
751.339
751.33
751.328
751.3
751.253
750.978
750.813
750.776
750.717
750.484
750.411
750.359
750.312
750.252
750.167
750.094
749.989
749.912
749.794
749.721
749.665
749.617
749.586
749.527
749.478
749.453
749.318
749.177
749.177
748.996
748.95
748.889
748.815
748.802
748.708
748.683
748.513
748.482
748.253
748.165
748.151
748.131
748.093
747.958
747.866
747.859
747.738
747.611
747.566
747.523
747.486
747.467
747.397
747.376
747.303
747.132
747.093
746.774
746.729
746.67
746.577
746.565
746.507
746.474
746.125
746.094
746.054
745.76
745.722
745.691
745.434
745.428
745.384
745.219
745.059
744.966
744.897
744.788
744.761
744.623
744.584
744.516
744.285
744.228
744.213
744.1
743.762
743.584
743.552
743.527
743.491
743.467
743.404
743.382
743.333
743.318
743.275
743.254
743.196
743.164
743.11
743.031
742.966
742.925
742.854
742.831
742.667
742.646
742.638
742.634
742.539
742.449
742.425
742.412
742.383
742.169
742.148
741.922
741.885
741.791
741.753
741.581
741.562
741.526
741.524
741.453
741.429
741.291
741.176
740.921
740.917
740.872
740.631
740.607
740.559
740.505
740.265
740.047
739.951
739.906
739.85
739.767
739.563
739.462
739.298
739.127
739.098
739.08
738.977
738.863
738.817
738.724
738.692
738.678
738.643
738.577
738.301
738.176
738.021
737.651
737.575
737.48
737.324
737.16
737.096
737.05
737.028
736.846
736.796
736.783
736.715
736.695
736.57
736.369
736.299
736.288
736.261
736.215
736.175
735.941
735.87
735.7
735.539
735.53
735.496
735.482
735.429
735.359
735.318
735.151
734.957
734.938
734.881
734.71
734.647
734.512
734.419
733.966
733.788
733.763
733.737
733.676
733.631
733.611
733.487
733.484
733.33
733.235
733.142
732.955
732.928
732.864
732.827
732.692
732.676
732.65
732.606
732.374
732.228
732.149
732.03
731.935
731.906
731.839
731.483
731.473
731.333
731.244
731.093
731.013
730.865
730.813
730.653
730.578
730.556
730.39
730.317
730.257
730.058
730.01
730.004
729.857
729.637
729.631
729.37
729.153
729.142
729.007
728.919
728.837
728.688
728.615
728.496
728.396
728.381
728.241
728.195
728.129
727.992
727.926
727.887
727.727
727.603
727.454
727.423
727.422
727.175
727.159
726.98
726.962
726.948
726.931
726.81
726.767
726.66
726.58
726.522
726.494
726.456
726.294
726.223
726.062
726.035
725.701
725.62
725.564
725.555
725.514
725.506
725.414
725.374
725.364
725.353
725.293
725.192
725.115
725.034
724.785
724.738
724.6
724.582
724.442
724.305
724.278
724.251
724.162
724.049
723.958
723.921
723.806
723.662
723.648
723.427
723.374
723.336
723.257
723.234
723.213
723.153
723.123
723.08
723.023
722.937
722.923
722.758
722.425
722.25
722.154
722.151
722.121
722.069
722.059
721.814
721.791
721.601
721.567
721.324
721.105
720.93
720.918
720.815
720.731
720.667
720.628
720.522
720.486
720.45
720.435
720.426
720.392
720.163
720.126
720.015
719.967
719.869
719.654
719.521
719.273
719.258
719.238
719.225
719.186
719.097
718.996
718.961
718.834
718.725
718.666
718.618
718.503
718.263
718.251
718.193
717.988
717.942
717.925
717.784
717.704
717.545
717.497
717.483
717.475
717.33
717.237
717.234
717.18
717.067
717.063
717.054
716.923
716.732
716.7
716.643
716.569
716.553
716.441
716.382
716.24
716.239
715.942
715.933
715.903
715.843
715.598
715.584
715.581
715.579
715.46
715.326
715.32
715.287
715.145
715.098
715.04
714.847
714.59
714.526
714.375
714.104
714.082
714.071
713.904
713.724
713.674
713.673
713.632
713.544
713.397
713.247
713.105
713.104
712.988
712.942
712.936
712.934
712.512
712.431
712.391
712.351
712.334
712.321
712.148
712.124
712.076
711.972
711.94
711.856
711.755
711.364
711.32
711.262
711.205
710.907
710.696
710.675
710.153
709.931
709.915
709.822
709.789
709.785
709.726
709.511
709.502
709.413
709.394
709.331
709.317
709.314
709.116
709.032
708.88
708.798
708.663
708.569
708.211
708.204
708.201
708.166
708.02
708.013
707.823
707.745
707.501
707.449
707.371
707.108
707.04
707.006
706.919
706.809
706.553
706.417
706.367
706.337
706.217
706.147
706.131
705.95
705.939
705.915
705.728
705.655
705.613
705.541
705.537
705.523
705.347
705.306
705.255
705.163
705.136
705.123
705.109
705.004
704.932
704.717
704.54
704.466
704.123
703.999
703.872
703.867
703.781
703.634
703.603
703.572
703.571
703.365
703.272
703.259
703.125
703.115
703.08
702.886
702.578
702.533
702.506
702.492
702.448
702.327
702.22
702.157
702.099
702.094
701.633
701.63
701.506
701.476
701.307
701.095
700.884
700.88
700.789
700.615
700.551
700.534
700.42
700.415
700.322
700.139
700.035
699.961
699.956
699.911
699.887
699.804
699.701
699.541
699.538
699.114
699.028
698.933
698.79
698.7
698.527
698.307
698.27
698.198
698.091
697.966
697.95
697.939
697.853
697.696
697.674
697.563
697.503
697.093
696.961
696.73
696.708
696.694
696.615
696.563
696.234
696.147
696.041
695.949
695.872
695.865
695.778
695.564
695.555
695.538
695.522
695.411
695.408
695.364
695.141
695.045
695.028
694.985
694.791
694.774
694.581
694.351
694.312
694.273
694.038
694.034
693.759
693.663
693.617
693.524
693.48
693.374
693.07
692.883
692.862
692.751
692.736
692.735
692.732
692.69
692.69
692.59
692.483
692.467
692.395
692.228
692.14
691.978
691.95
691.801
691.681
691.578
691.578
691.335
691.269
691.067
691.038
690.921
690.877
690.862
690.81
690.521
690.495
690.47
690.367
690.142
690.084
690.042
690.033
689.993
689.814
689.721
689.634
689.398
689.256
689.147
689.138
689.018
688.949
688.873
688.867
688.811
688.739
688.586
688.564
688.415
688.302
688.127
688.11
688.01
687.918
687.79
687.669
687.463
687.408
687.366
687.222
687.207
687.178
686.933
686.821
686.807
686.738
686.729
686.638
686.591
686.472
686.471
686.234
686.222
686.115
686.058
685.818
685.743
685.647
685.618
685.563
685.472
685.414
685.32
685.208
685.16
684.936
684.903
684.729
684.692
684.637
684.559
684.422
684.319
684.082
683.955
683.813
683.774
683.705
683.427
683.38
683.295
683.25
683.192
683.165
683.134
683.005
682.947
682.911
682.9
682.46
682.454
682.448
682.386
682.312
682.26
682.185
682.104
682.096
681.964
681.791
681.734
681.327
681.132
680.945
680.886
680.792
680.713
680.675
680.517
680.482
680.077
679.916
679.888
679.878
679.843
679.831
679.695
679.649
679.647
679.598
679.594
679.584
679.46
679.104
679.08
679.07
679.07
679.001
678.998
678.932
678.855
678.819
678.768
678.686
678.06
678.002
677.975
677.901
677.738
677.665
677.615
677.416
677.318
677.11
677.053
677.034
677.008
676.958
676.924
676.769
676.752
676.673
676.572
676.57
676.419
676.35
676.328
676.191
676.164
676.081
676.02
675.93
675.868
675.82
675.67
675.663
675.37
675.32
675.315
675.287
675.238
675.213
675.207
675.191
675.168
675.04
674.868
674.842
674.75
674.685
674.668
674.644
674.592
674.526
674.432
674.416
674.339
674.144
674.098
674.073
673.901
673.894
673.614
673.373
673.223
672.978
672.822
672.76
672.68
672.654
672.247
672.085
671.863
671.828
671.817
671.7
671.482
671.332
671.312
671.31
671.269
671.267
671.212
671.155
671.097
671.04
670.975
670.877
670.76
670.699
670.556
670.477
670.443
670.057
670.012
669.933
669.899
669.873
669.806
669.641
669.558
669.517
669.42
668.975
668.819
668.808
668.77
668.722
668.674
668.663
668.622
668.621
668.332
668.13
667.693
667.652
667.456
667.446
667.277
667.188
667.073
667.0
666.916
666.75
666.658
666.625
666.616
666.247
666.205
666.062
665.993
665.955
665.954
665.898
665.875
665.78
665.734
665.523
665.255
665.136
665.067
665.058
664.807
664.775
664.552
664.538
664.426
664.053
663.972
663.923
663.573
663.185
662.722
662.685
662.379
662.055
662.044
661.941
661.778
661.532
661.517
661.474
661.416
661.267
661.1
661.046
661.039
660.791
660.782
660.763
660.743
660.7
660.69
660.67
660.353
660.266
660.198
660.188
660.139
660.137
659.968
659.925
659.903
659.478
659.258
659.226
659.116
658.987
658.479
658.453
658.427
658.397
658.387
658.344
658.342
658.242
657.907
657.528
657.526
657.349
657.327
657.302
657.222
656.896
656.8
656.678
656.669
656.434
656.425
656.423
656.387
656.219
655.908
655.738
655.736
655.412
655.278
655.084
655.032
655.019
654.925
654.628
654.578
654.141
654.129
654.041
653.889
653.827
653.585
653.519
653.311
653.282
652.99
652.955
652.938
652.931
652.591
652.461
652.17
652.074
651.877
651.806
651.695
651.554
651.552
651.535
651.465
651.42
651.301
651.29
651.235
651.223
651.185
651.143
651.134
651.117
651.027
651.024
650.854
650.513
650.182
650.137
650.133
650.05
650.018
649.999
649.906
649.873
649.863
649.818
649.777
649.761
649.677
649.626
649.375
649.358
649.333
649.146
648.925
648.882
648.826
648.824
648.772
648.726
648.551
648.52
648.434
648.402
648.281
648.197
648.192
648.168
647.951
647.91
647.878
647.516
647.491
647.375
647.251
647.098
646.881
646.826
646.784
646.763
646.74
646.709
646.467
646.21
646.145
645.918
645.902
645.826
645.796
645.335
645.136
645.08
645.076
644.961
644.945
644.925
644.812
644.602
644.522
644.484
644.031
643.986
643.96
643.686
643.514
643.006
643.003
642.864
642.847
642.772
642.759
642.742
642.734
642.434
642.408
642.094
642.044
641.931
641.615
641.584
641.264
641.233
640.992
640.891
640.882
640.823
640.78
640.667
640.341
640.293
640.201
640.12
640.044
639.992
639.957
639.854
639.755
639.692
639.639
639.607
639.587
639.585
639.582
639.498
639.498
639.345
639.209
638.971
638.912
638.813
638.799
638.508
638.491
638.404
638.353
638.181
638.119
637.947
637.859
637.853
637.841
637.649
637.362
637.294
637.223
637.156
637.105
636.94
636.766
636.732
636.572
636.127
636.119
636.033
635.974
635.908
635.876
635.762
635.696
635.592
635.543
635.514
635.479
635.156
635.071
635.06
634.761
634.666
634.415
634.279
634.275
634.254
634.05
633.922
633.822
633.818
633.807
633.717
633.696
633.669
633.656
633.653
633.155
633.15
633.094
632.998
632.973
632.943
632.689
632.424
632.335
632.308
632.277
632.265
632.257
632.101
632.081
631.915
631.876
631.705
631.672
631.659
631.651
631.41
631.404
631.369
631.268
631.253
631.157
631.021
630.709
630.688
630.578
630.574
630.487
630.468
630.316
630.241
630.184
630.08
629.996
629.943
629.681
629.578
629.502
629.313
629.24
629.165
629.126
629.085
629.065
628.993
628.908
628.849
628.522
628.219
628.0
627.991
627.478
627.435
627.234
627.199
627.025
626.818
626.79
626.704
626.557
626.451
626.446
626.434
626.323
626.222
626.19
626.087
626.009
625.701
625.605
625.397
625.344
625.32
625.178
625.096
625.087
624.93
624.927
624.871
624.627
624.601
624.546
624.393
624.351
624.337
624.293
624.286
624.265
624.188
624.044
624.043
623.824
623.823
623.663
623.516
623.41
623.343
623.222
623.154
622.947
622.917
622.805
622.768
622.716
622.696
622.505
622.375
622.263
622.221
622.035
621.874
621.795
621.792
621.781
621.626
621.4
621.26
621.215
621.031
621.009
620.865
620.86
620.742
620.456
620.435
620.417
620.373
620.329
619.748
619.742
619.683
619.379
619.371
619.199
619.096
618.796
618.734
618.72
618.41
618.183
618.162
618.15
618.033
617.989
617.805
617.732
617.521
617.509
617.496
617.432
617.262
616.986
616.837
616.628
616.581
616.561
616.519
616.462
616.228
616.182
616.122
615.999
615.865
615.798
615.67
615.665
615.522
615.516
615.417
615.411
615.379
615.362
614.918
614.892
614.813
614.678
614.578
614.511
614.422
614.412
614.152
614.15
614.13
614.017
613.897
613.874
613.701
613.48
613.42
613.386
613.368
613.158
613.074
613.017
612.857
612.789
612.734
612.456
612.447
612.43
612.225
612.116
612.09
611.687
611.656
611.559
611.544
611.319
611.312
611.121
610.885
610.816
610.806
610.766
610.428
610.363
610.287
610.244
610.003
609.954
609.877
609.63
609.532
609.513
609.492
609.399
609.379
609.283
609.272
609.182
609.153
609.12
609.116
609.086
609.035
608.665
608.53
608.326
608.213
608.089
608.027
607.9
607.878
607.584
607.153
607.087
607.054
606.915
606.712
606.353
606.346
606.181
605.944
605.897
605.621
605.602
605.572
605.451
605.275
605.118
605.087
604.889
604.86
604.849
604.698
604.582
604.553
604.413
604.396
604.109
603.883
603.806
603.398
603.343
603.247
603.141
602.892
602.76
602.652
602.569
602.408
602.406
602.374
602.221
602.218
602.124
602.081
601.906
601.494
601.362
601.342
601.322
601.269
600.904
600.81
600.758
600.565
600.477
600.335
600.238
600.216
599.979
599.904
599.748
599.734
599.555
599.495
599.464
599.453
599.196
599.165
599.106
598.523
598.3
598.083
597.941
597.913
597.863
597.859
597.805
597.775
597.673
597.579
597.553
597.276
597.231
597.229
597.09
596.965
596.909
596.761
596.523
596.45
596.39
596.372
596.181
595.998
595.984
595.982
595.945
595.847
595.772
595.747
595.518
595.202
595.125
595.05
595.042
594.998
594.996
594.737
594.497
594.463
594.438
594.318
594.276
594.261
594.071
593.98
593.858
593.793
593.748
593.521
593.511
593.439
593.259
593.15
593.077
592.995
592.982
592.937
592.917
592.836
592.766
592.722
592.66
592.649
592.59
592.588
592.523
592.371
592.289
592.186
592.117
591.915
591.86
591.819
591.792
591.769
591.747
591.722
591.698
591.639
591.449
591.425
591.314
591.289
591.26
590.831
590.738
590.399
590.307
590.234
590.167
590.089
590.021
589.926
589.897
589.875
589.765
589.709
589.471
589.115
588.935
588.884
588.322
588.266
588.208
587.813
587.665
587.516
587.37
587.309
587.285
587.237
586.856
586.587
586.584
586.329
586.24
586.196
586.169
586.14
586.101
585.708
585.639
585.6
585.462
585.44
585.39
585.275
585.244
584.806
584.788
584.72
584.69
584.542
584.293
584.198
583.93
583.828
583.779
583.758
583.693
583.672
583.474
583.052
582.979
582.906
582.843
582.765
582.761
582.474
582.373
582.32
582.312
582.248
581.876
581.701
581.691
581.492
581.478
581.416
581.371
581.304
581.294
581.197
580.898
580.59
580.567
580.515
580.371
580.196
580.146
580.064
580.006
579.91
579.883
579.882
579.774
579.769
579.74
579.693
579.48
579.403
579.268
579.227
579.133
579.096
578.997
578.376
578.361
578.349
578.099
577.973
577.743
577.668
577.404
577.367
577.354
577.103
577.056
576.997
576.924
576.705
576.659
576.47
576.376
576.372
576.354
576.276
576.274
576.184
576.129
576.028
576.013
575.879
575.843
575.514
575.446
575.433
575.426
575.366
575.18
574.954
574.904
574.893
574.886
574.853
574.654
574.629
574.627
574.6
574.565
574.525
574.507
574.461
574.217
574.0
573.875
573.874
573.813
573.717
573.677
573.649
573.579
573.546
573.409
573.184
573.163
573.137
573.129
573.101
573.025
572.993
572.962
572.941
572.673
572.524
572.44
572.4
572.379
572.219
572.154
572.026
571.865
571.666
571.605
571.159
570.843
570.778
570.735
570.611
570.609
570.547
570.464
570.44
570.365
570.25
569.777
569.774
569.56
569.52
569.479
569.373
569.369
569.082
569.049
568.824
568.683
568.232
568.165
568.118
568.096
568.047
567.915
567.913
567.884
567.811
567.785
567.767
567.576
567.523
567.485
567.474
567.374
567.166
567.166
567.103
567.059
566.915
566.808
566.717
566.567
566.544
566.536
566.531
566.42
566.408
566.348
566.146
566.143
566.126
566.088
566.059
565.726
565.665
565.357
565.337
565.319
565.163
565.03
564.929
564.797
564.724
564.688
564.518
564.44
564.214
564.188
563.902
563.868
563.815
563.642
563.507
563.444
563.402
563.18
563.085
563.042
562.887
562.578
562.291
562.264
562.147
562.066
561.816
561.767
561.661
561.649
561.532
561.516
561.478
561.305
560.972
560.915
560.718
560.6
560.509
560.272
560.033
560.015
559.888
559.755
559.399
559.357
559.24
559.075
559.002
558.747
558.58
558.509
558.505
558.504
558.431
558.331
558.24
558.126
558.11
557.959
557.932
557.928
557.804
557.803
557.794
557.604
557.541
557.539
557.48
557.356
557.267
557.062
556.972
556.961
556.942
556.818
556.673
556.64
556.564
556.32
556.248
556.055
556.002
555.772
555.667
555.647
555.576
555.401
555.37
554.916
554.795
554.667
554.607
554.301
554.077
553.919
553.902
553.764
553.458
553.4
553.307
553.291
553.245
553.174
553.165
553.159
553.079
553.011
552.931
552.886
552.881
552.852
552.644
552.459
552.412
552.326
552.253
552.219
552.138
552.067
552.055
552.008
551.956
551.832
551.815
551.811
551.692
551.681
551.634
551.553
551.524
551.453
551.45
551.414
551.349
551.29
551.287
551.219
551.183
551.172
551.165
551.123
551.078
550.987
550.925
550.79
550.749
550.562
550.426
550.426
550.368
550.31
550.135
550.109
549.93
549.861
549.825
549.581
549.568
549.295
549.222
549.021
548.951
548.789
548.767
548.571
548.502
548.403
548.15
548.095
548.057
547.904
547.869
547.843
547.786
547.741
547.575
547.575
547.42
547.414
547.396
547.356
547.272
547.082
546.943
546.859
546.801
546.716
546.317
546.297
546.002
545.848
545.828
545.82
545.734
545.667
545.468
545.34
545.283
545.258
545.237
545.203
545.093
545.067
545.046
545.023
544.951
544.866
544.731
544.607
544.508
544.5
544.322
544.162
544.156
544.025
543.885
543.81
543.79
543.68
543.671
543.653
543.475
543.462
543.395
543.386
543.353
543.183
542.929
542.809
542.804
542.708
542.583
542.295
542.16
542.127
542.123
542.108
541.931
541.854
541.77
541.493
541.477
541.446
541.432
541.232
541.15
540.936
540.865
540.851
540.728
540.402
540.336
540.276
540.175
540.173
540.171
540.071
539.976
539.846
539.827
539.755
539.703
539.702
539.47
539.252
539.136
539.106
539.053
538.92
538.87
538.769
538.692
538.538
538.451
538.209
538.199
538.109
537.906
537.695
537.519
537.437
537.395
537.281
537.244
536.495
536.343
536.308
536.181
536.092
535.913
535.846
535.676
535.553
535.469
535.459
535.397
535.362
535.143
535.07
535.054
534.944
534.709
534.611
534.45
534.119
533.948
533.891
533.847
533.74
533.692
533.526
533.333
533.277
533.135
533.019
533.0
532.841
532.811
532.769
532.635
532.511
532.274
532.163
531.879
531.808
531.727
531.64
531.035
530.972
530.883
530.797
530.767
530.548
530.475
530.438
530.433
530.312
530.112
530.012
529.983
529.945
529.899
529.847
529.582
529.521
529.499
529.442
529.342
529.051
529.048
529.026
528.6
528.552
528.533
528.462
528.451
528.405
528.395
528.378
528.357
528.347
528.333
528.331
528.149
528.132
527.862
527.837
527.753
527.68
527.622
527.544
527.472
527.419
527.282
527.266
527.085
526.832
526.758
526.683
526.662
526.654
526.62
526.387
526.27
526.243
525.948
525.939
525.869
525.605
525.598
525.567
525.548
525.52
525.351
525.283
525.182
525.016
524.944
524.885
524.88
524.736
524.669
524.545
524.486
524.392
524.319
524.044
523.974
523.904
523.882
523.761
523.752
523.652
523.615
523.496
523.409
523.4
522.971
522.832
522.791
522.741
522.72
522.715
522.658
522.302
522.132
522.031
522.001
521.983
521.973
521.945
521.91
521.811
521.782
521.689
521.628
521.484
521.472
521.418
521.316
521.172
521.129
521.029
521.011
520.95
520.924
520.793
520.702
520.52
520.519
520.49
520.241
520.224
519.988
519.957
519.921
519.722
519.707
519.697
519.683
519.675
519.665
519.514
519.343
519.135
518.891
518.865
518.72
518.576
518.507
518.396
518.38
518.111
517.918
517.801
517.763
517.694
517.539
517.391
517.123
517.109
517.061
517.013
516.962
516.797
516.699
516.474
516.461
516.264
516.167
516.004
515.988
515.972
515.767
515.762
515.734
515.668
515.6
515.461
515.413
515.346
515.292
515.191
515.184
515.131
515.125
515.124
514.999
514.857
514.64
514.447
514.415
514.382
514.359
514.249
514.218
514.194
513.955
513.909
513.86
513.858
513.648
513.604
513.599
513.544
513.313
513.165
513.16
513.13
513.031
513.028
512.483
512.431
512.428
512.225
512.189
512.167
512.077
512.03
511.94
511.666
511.64
511.494
511.448
511.396
511.358
511.198
511.136
510.763
510.752
510.622
510.338
510.039
509.966
509.867
509.788
509.632
509.316
509.298
509.297
509.046
508.984
508.8
508.746
508.728
508.659
508.61
508.565
508.473
508.349
508.26
508.225
507.905
507.834
507.805
507.75
507.743
507.496
507.494
507.376
507.321
507.317
507.263
507.096
507.07
506.962
506.885
506.844
506.627
506.522
506.517
506.481
506.458
506.355
506.281
506.195
506.151
506.128
505.813
505.801
505.773
505.677
505.671
505.641
505.532
505.423
505.364
505.225
505.121
504.947
504.813
504.773
504.725
504.574
504.562
504.43
504.277
504.186
504.094
503.998
503.994
503.923
503.822
503.792
503.661
503.583
503.545
503.087
503.081
502.952
502.896
502.837
502.762
502.729
502.39
502.339
502.272
502.012
501.841
501.791
501.71
501.657
501.353
501.07
500.86
500.84
500.821
500.755
500.666
500.622
500.616
500.388
500.128
499.986
499.924
499.884
499.882
499.855
499.813
499.75
499.608
499.598
499.55
499.515
499.1
499.061
498.984
498.856
498.782
498.745
498.409
498.337
498.26
498.172
498.156
497.683
497.674
497.617
497.561
497.479
497.176
497.17
497.1
497.029
496.889
496.889
496.805
496.743
496.64
496.607
496.441
496.161
495.912
495.904
495.702
495.608
495.373
495.205
495.052
494.953
494.796
494.674
494.46
494.417
494.375
494.111
494.047
494.014
494.008
493.976
493.973
493.941
493.868
493.615
493.538
493.509
493.345
493.261
493.178
493.073
492.954
492.849
492.797
492.769
492.584
492.32
492.277
492.171
492.058
491.704
491.621
491.603
491.57
491.442
491.435
491.392
491.36
490.938
490.861
490.819
490.698
490.695
490.668
490.644
490.599
490.535
490.349
490.264
490.097
490.035
489.97
489.783
489.727
489.648
489.256
489.149
488.994
488.927
488.853
488.686
488.663
488.609
488.605
488.456
488.411
488.388
488.295
488.275
488.225
488.219
488.196
488.189
488.174
488.131
488.116
488.114
488.029
488.023
488.022
487.831
487.63
487.445
487.384
487.283
487.245
487.233
487.188
486.846
486.665
486.229
485.793
485.554
485.433
485.393
485.374
485.306
485.212
485.075
485.055
484.948
484.786
484.727
484.657
484.604
484.315
484.24
484.21
484.091
484.084
484.033
483.882
483.817
483.493
483.215
483.15
482.793
482.74
482.725
482.634
482.486
482.398
482.263
482.119
482.097
481.746
481.655
481.455
481.37
481.307
481.049
481.034
481.025
480.731
480.632
480.595
480.569
480.481
480.481
480.429
480.358
480.04
479.934
479.671
479.403
479.23
478.892
478.751
478.733
478.674
478.63
478.57
478.33
478.276
478.0
477.962
477.435
477.43
477.414
477.366
477.363
477.271
477.246
477.138
477.079
477.074
476.955
476.769
476.732
476.465
476.33
475.783
475.701
475.675
475.638
475.548
475.542
475.53
475.459
475.411
475.309
475.25
475.09
474.832
474.825
474.754
474.127
474.095
474.074
474.021
473.891
473.887
473.637
473.363
473.186
473.079
473.069
473.048
472.917
472.74
472.734
472.244
471.92
471.874
471.77
471.499
471.314
471.091
470.802
470.796
470.698
470.645
470.563
470.558
470.374
470.285
470.148
469.966
469.801
469.672
469.446
469.255
469.05
468.817
468.772
468.71
468.636
468.499
468.499
468.384
468.277
468.261
468.157
468.156
468.15
468.149
468.142
468.114
468.104
468.031
467.971
467.966
467.878
467.858
467.833
467.778
467.732
467.692
467.648
467.539
467.507
467.479
467.348
467.333
467.21
467.058
467.033
467.006
467.0
466.86
466.841
466.665
466.665
466.641
466.574
466.533
466.36
466.118
466.095
465.993
465.933
465.909
465.72
465.541
465.383
465.329
465.042
464.915
464.651
464.59
464.428
464.193
463.968
463.896
463.665
463.614
463.482
463.482
463.273
463.109
463.015
462.902
462.711
462.626
462.359
462.34
462.33
462.126
462.049
462.036
462.018
461.982
461.791
461.774
461.66
461.521
461.48
461.277
461.229
460.946
460.85
460.704
460.583
460.401
460.369
460.358
460.325
460.318
460.277
460.243
460.157
460.095
460.042
460.002
459.717
459.642
459.307
459.275
459.138
459.093
458.982
458.913
458.866
458.701
458.603
458.601
458.117
458.08
457.823
457.71
457.64
457.634
457.521
457.029
456.969
456.935
456.816
456.808
456.765
456.757
456.465
456.425
456.13
456.089
455.96
455.893
455.856
455.733
455.714
455.683
455.605
455.594
455.564
455.458
455.439
454.751
454.727
454.664
454.611
454.453
454.158
454.087
454.066
453.921
453.815
453.739
453.733
453.71
453.679
453.553
453.454
453.362
453.272
453.127
453.061
452.928
452.83
452.756
452.75
452.729
452.678
452.515
452.479
452.464
452.441
452.44
452.436
452.425
452.392
452.383
452.293
452.289
452.043
451.971
451.969
451.927
451.733
451.468
451.351
451.307
451.221
451.196
451.189
451.053
450.991
450.893
450.711
450.656
450.636
450.356
450.31
450.299
450.253
450.24
450.216
450.184
450.184
450.152
449.986
449.94
449.919
449.889
449.854
449.789
449.688
449.566
449.461
449.308
449.238
449.227
448.952
448.793
448.718
448.642
448.384
448.299
447.988
447.73
447.662
447.499
447.464
447.332
447.136
447.034
446.897
446.845
446.817
446.673
446.634
446.46
446.446
446.426
446.423
446.42
446.364
446.299
446.291
446.066
445.995
445.847
445.629
445.534
445.443
445.425
445.414
445.41
445.393
445.369
445.313
445.229
445.217
445.214
445.174
444.889
444.799
444.776
444.632
444.489
444.385
444.364
444.262
444.224
444.144
444.124
443.951
443.935
443.927
443.881
443.755
443.689
443.627
443.583
443.53
443.452
443.421
443.405
443.399
443.307
443.0
442.854
442.768
442.668
442.644
442.596
442.468
442.461
442.373
442.289
442.25
442.19
442.162
442.099
442.097
441.852
441.805
441.528
441.516
441.444
441.409
441.402
441.286
441.152
441.146
440.882
440.837
440.737
440.598
440.529
440.494
440.342
440.08
440.056
440.044
439.914
439.837
439.8
439.661
439.386
439.3
439.195
438.998
438.941
438.906
438.855
438.816
438.792
438.736
438.705
438.378
438.351
438.319
438.297
438.077
438.013
438.01
437.844
437.816
437.741
437.696
437.676
437.594
437.286
437.083
437.038
436.937
436.913
436.806
436.704
436.702
436.518
436.456
436.296
436.253
436.232
436.222
436.215
436.112
436.078
436.045
435.986
435.785
435.781
435.674
435.631
435.525
435.351
435.284
435.282
435.261
435.183
435.176
435.173
435.052
434.966
434.899
434.831
434.632
434.605
434.583
434.561
434.405
434.388
434.349
434.311
434.259
434.231
434.172
434.165
434.132
434.012
433.901
433.875
433.783
433.767
433.635
433.494
433.481
433.093
432.611
432.594
432.58
432.572
432.549
432.531
432.434
432.369
432.115
432.07
432.046
431.935
431.683
431.645
431.571
431.444
431.406
430.952
430.927
430.801
430.739
430.453
430.408
430.39
430.381
430.353
430.33
430.277
430.271
430.269
430.233
430.067
430.028
429.974
429.848
429.439
429.402
429.105
429.053
429.031
428.895
428.877
428.867
428.534
428.278
428.123
427.985
427.879
427.521
427.233
427.217
427.044
426.896
426.874
426.77
426.606
426.602
426.558
426.457
426.376
426.351
426.131
426.121
426.114
426.08
425.935
425.886
425.813
425.737
425.734
425.716
425.688
425.567
425.392
425.33
425.196
425.152
425.127
425.111
425.083
424.775
424.728
424.723
424.571
424.449
424.364
424.315
424.09
424.033
423.962
423.75
423.196
423.138
423.077
422.937
422.88
422.539
422.517
422.438
422.343
422.174
421.849
421.794
421.579
421.425
421.412
421.363
421.319
421.053
420.906
420.831
420.778
420.49
420.457
420.413
419.965
419.955
419.772
419.699
419.656
419.375
419.372
419.178
419.131
419.011
419.004
418.952
418.936
418.926
418.861
418.846
418.837
418.768
418.746
418.741
418.691
418.662
418.503
418.178
417.806
417.701
417.608
417.39
417.346
417.322
417.225
417.112
417.015
416.88
416.765
416.663
416.526
416.23
415.669
415.485
415.484
415.464
415.355
415.325
415.314
415.248
415.222
415.131
415.12
414.957
414.829
414.703
414.414
414.35
414.325
414.322
414.08
413.879
413.757
413.577
413.526
413.266
413.218
413.199
413.066
412.965
412.854
412.829
412.753
412.72
412.704
412.639
412.411
412.388
412.387
412.296
412.163
412.12
412.118
411.471
411.45
411.448
411.256
410.973
410.921
410.795
410.602
410.519
410.139
410.137
410.118
410.021
409.876
409.815
409.772
409.726
409.608
409.539
409.28
409.237
409.031
408.908
408.886
408.795
408.717
408.597
408.515
408.502
408.457
408.448
408.302
408.29
408.149
408.135
408.12
408.12
408.047
407.91
407.806
407.72
407.703
407.655
407.603
407.482
407.28
407.203
407.08
406.986
406.849
406.677
406.429
406.38
406.36
406.092
406.056
406.004
405.961
405.85
405.815
405.773
405.359
405.321
405.291
405.207
405.08
405.029
404.929
404.928
404.692
404.59
404.533
404.464
404.376
404.303
404.243
404.235
403.814
403.767
403.729
403.519
403.514
403.439
403.304
403.216
403.129
402.988
402.91
402.895
402.895
402.87
402.774
402.592
402.517
402.448
402.257
402.101
402.08
401.934
401.905
401.845
401.67
401.644
401.591
401.389
401.382
401.363
401.095
400.947
400.941
400.8
400.469
400.403
400.152
400.149
400.065
399.777
399.705
399.458
399.451
399.375
399.332
399.296
399.111
399.083
398.934
398.86
398.766
398.548
398.457
398.346
398.069
398.019
398.017
397.97
397.911
397.901
397.855
397.851
397.825
397.754
397.743
397.535
397.462
397.442
397.38
397.072
396.779
396.732
396.664
396.531
396.523
396.374
396.158
396.112
396.107
395.98
395.728
395.571
395.382
395.038
394.958
394.87
394.84
394.798
394.728
394.523
394.518
394.33
394.313
394.243
394.207
394.181
394.173
394.009
393.988
393.932
393.823
393.788
393.438
393.422
393.292
393.265
393.085
392.961
392.75
392.672
392.55
392.494
392.468
392.462
392.258
392.008
391.887
391.794
391.516
391.377
391.331
391.128
391.047
390.86
390.769
390.721
390.711
390.692
390.598
390.367
389.887
389.781
389.68
389.669
389.42
389.378
389.376
389.331
389.205
389.116
389.09
388.99
388.962
388.961
388.773
388.773
388.767
388.684
388.448
388.327
388.208
388.123
387.905
387.834
387.832
387.826
387.757
387.585
387.43
387.413
387.15
387.146
387.056
387.014
386.9
386.865
386.792
386.495
386.474
386.39
386.216
386.193
386.162
386.077
386.061
385.961
385.886
385.8
385.709
385.629
385.525
385.463
385.241
385.16
385.072
385.051
384.936
384.633
384.562
384.561
384.507
384.497
384.428
384.055
384.014
383.993
383.898
383.804
383.713
383.65
383.559
383.246
383.046
383.017
383.002
382.999
382.952
382.811
382.599
382.524
382.504
382.453
382.388
382.365
382.131
382.067
381.944
381.911
381.893
381.854
381.768
381.739
381.651
381.637
381.512
381.504
381.377
381.304
381.274
381.253
381.206
381.139
380.997
380.954
380.935
380.9
380.844
380.827
380.773
380.654
380.631
380.593
380.323
380.257
380.242
380.068
379.877
379.859
379.817
379.715
379.497
379.203
379.137
379.043
378.967
378.928
378.915
378.895
378.587
378.468
378.46
378.459
378.373
378.34
378.248
378.244
378.05
378.027
377.962
377.826
377.707
377.545
377.53
377.52
377.421
377.337
377.258
377.242
377.19
377.004
376.567
376.498
376.438
376.375
376.321
376.178
375.679
375.525
375.437
375.427
375.301
375.246
375.236
375.181
375.117
375.035
374.913
374.896
374.825
374.708
374.667
374.564
374.537
374.461
374.361
374.307
374.272
374.194
374.022
373.862
373.833
373.81
373.8
373.629
373.48
373.278
373.124
372.939
372.802
372.757
372.755
372.716
372.681
372.612
372.579
372.316
372.144
371.937
371.897
371.886
371.874
371.702
371.675
371.514
371.501
371.144
371.087
371.056
370.96
370.927
370.886
370.784
370.592
370.591
370.467
370.329
370.301
370.177
370.162
370.092
370.026
370.014
369.93
369.874
369.873
369.673
369.636
369.525
369.506
369.403
369.385
369.273
369.271
369.253
369.181
368.897
368.742
368.488
367.941
367.827
367.44
367.417
367.344
367.316
367.302
367.136
366.966
366.96
366.864
366.761
366.532
366.503
366.277
366.273
366.256
366.24
366.214
366.16
365.917
365.847
365.722
365.703
365.652
365.604
365.521
365.514
365.495
365.495
365.457
365.435
365.325
365.287
365.21
364.983
364.778
364.769
364.645
364.629
364.612
364.542
364.496
364.442
364.423
364.319
364.304
364.256
364.156
364.008
363.965
363.813
363.766
363.588
363.396
363.275
363.195
363.14
363.135
363.118
362.854
362.617
362.542
362.536
362.269
362.232
362.193
362.014
361.98
361.933
361.884
361.727
361.69
361.681
361.564
361.544
361.454
361.293
361.247
361.223
361.073
361.063
360.891
360.889
360.842
360.79
360.584
360.519
360.294
360.261
360.176
360.136
359.871
359.815
359.796
359.727
359.692
359.606
359.486
359.429
359.31
359.144
359.028
358.841
358.808
358.793
358.781
358.737
358.635
358.612
358.58
358.504
358.288
358.246
358.17
357.963
357.796
357.715
357.657
357.502
357.282
357.262
357.254
357.132
357.082
356.982
356.826
356.76
356.71
356.621
356.575
356.382
356.287
356.282
356.095
355.954
355.813
355.805
355.75
355.519
355.492
355.278
354.888
354.838
354.828
354.719
354.595
354.321
354.294
354.289
354.271
354.213
353.923
353.894
353.846
353.681
353.576
353.563
353.439
353.331
353.203
353.128
353.021
352.958
352.935
352.901
352.685
352.561
352.522
352.483
352.32
352.215
352.133
352.101
351.969
351.795
351.698
351.518
351.241
351.239
351.13
351.072
351.014
350.895
350.607
350.53
350.435
350.365
350.194
350.012
349.947
349.919
349.806
349.753
349.729
349.64
349.415
349.39
349.333
349.277
349.138
348.668
348.362
348.193
348.037
347.852
347.788
347.702
347.687
347.508
347.142
346.983
346.91
346.902
346.79
346.783
346.754
346.636
346.468
346.427
346.387
346.365
346.33
346.08
345.923
345.9
345.768
345.7
345.521
345.429
345.323
344.993
344.986
344.87
344.603
344.517
344.438
343.961
343.862
343.85
343.692
343.631
343.512
343.438
343.32
342.94
342.906
342.854
342.804
342.347
342.185
342.168
342.028
341.974
341.896
341.707
341.702
341.702
341.611
341.604
341.587
341.553
341.464
341.249
341.234
341.187
340.521
340.5
340.493
340.26
340.122
340.061
339.935
339.762
339.747
339.66
339.315
339.111
339.109
339.094
339.025
338.916
338.742
338.703
338.655
338.64
338.524
338.448
338.433
338.419
338.406
338.095
338.047
338.038
338.014
337.932
337.84
337.838
337.642
337.621
337.582
337.468
337.335
337.329
336.945
336.725
336.706
336.674
336.352
336.331
336.137
336.086
335.782
335.751
335.65
335.641
335.581
335.577
335.503
335.39
335.321
335.262
335.185
335.17
335.154
335.146
334.96
334.768
334.754
334.733
334.577
334.471
334.395
334.385
334.297
334.279
334.229
334.112
334.083
334.067
333.953
333.838
333.765
333.74
333.648
333.6
333.42
333.296
333.292
333.282
333.041
333.001
332.874
332.779
332.756
332.457
332.379
332.308
332.27
332.18
332.126
332.0
331.849
331.771
331.606
331.576
331.571
331.385
331.376
331.005
330.895
330.72
330.612
330.578
330.462
330.379
330.087
329.945
329.892
329.879
329.794
329.615
329.412
329.356
329.17
329.146
329.083
329.042
328.89
328.688
328.669
328.629
328.558
328.542
328.387
328.363
328.242
328.13
327.797
327.765
327.719
327.692
327.663
327.58
327.576
327.563
327.512
327.481
327.468
327.409
327.241
327.114
327.077
327.049
327.013
327.011
326.994
326.897
326.897
326.808
326.797
326.666
326.633
326.591
326.059
325.863
325.723
325.583
325.319
325.289
325.015
325.011
324.778
324.773
324.661
324.56
324.54
324.187
324.083
324.05
324.013
323.834
323.762
323.67
323.624
323.591
323.58
323.378
323.33
323.186
323.179
323.158
323.137
323.122
323.077
322.883
322.776
322.715
322.496
322.249
322.182
322.15
321.774
321.523
321.402
321.322
321.296
321.136
320.912
320.837
320.708
320.694
320.674
320.66
320.598
320.556
320.521
320.462
320.353
320.346
320.217
320.071
319.936
319.881
319.835
319.583
319.544
319.418
319.359
319.337
319.312
319.252
319.018
318.89
318.698
318.531
318.52
318.517
318.509
318.402
318.258
318.233
318.201
318.151
317.937
317.704
317.376
317.36
317.183
317.172
316.768
316.452
316.441
316.425
316.294
316.165
315.882
315.693
314.758
314.232
313.89
313.886
313.833
313.806
313.788
313.293
313.271
313.2
312.998
312.853
312.259
312.09
311.944
311.804
311.801
311.744
311.622
311.556
311.536
311.36
311.345
311.269
311.262
311.252
311.042
310.886
310.791
310.707
310.597
310.384
310.31
310.259
310.106
310.079
310.045
309.919
309.839
309.741
309.7
309.658
309.508
309.372
309.25
309.231
309.228
309.195
308.98
308.592
308.549
308.517
308.425
308.256
308.061
308.042
308.015
307.942
307.905
307.868
307.819
307.819
307.367
307.353
307.343
307.329
307.144
307.111
306.59
306.49
306.472
306.373
306.368
306.255
306.096
305.781
305.751
305.69
305.679
305.638
305.452
305.39
305.247
305.157
305.106
305.088
304.982
304.861
304.439
304.277
304.122
304.007
303.974
303.851
303.653
303.254
303.238
303.151
303.127
303.09
303.077
302.918
302.881
302.844
302.738
302.555
302.501
302.47
302.318
302.254
302.149
302.099
302.076
301.917
301.882
301.874
301.839
301.701
301.687
301.538
301.494
301.479
301.366
301.244
301.183
301.146
300.906
300.906
300.857
300.753
300.705
300.558
300.538
300.49
300.291
300.088
299.943
299.054
299.048
299.043
298.825
298.772
298.714
298.714
298.562
298.523
298.478
298.393
298.237
298.205
298.082
298.052
297.999
297.981
297.711
297.665
297.586
297.465
297.442
297.433
297.362
297.33
297.088
296.792
296.577
296.428
296.291
296.282
296.217
296.157
296.118
296.113
296.102
296.032
296.025
295.932
295.91
295.891
295.878
295.795
295.757
295.569
295.51
295.507
295.457
295.31
295.176
295.131
295.1
294.855
294.619
294.499
294.074
294.007
293.858
293.739
293.505
293.487
293.358
293.3
293.273
293.252
292.965
292.91
292.831
292.617
292.466
292.45
292.392
292.356
292.023
291.967
291.691
291.608
291.375
291.363
291.308
291.265
291.263
291.224
291.185
291.179
291.014
290.947
290.826
290.755
290.567
290.466
290.315
290.273
290.238
290.158
289.898
289.874
289.846
289.823
289.791
289.787
289.782
289.77
289.767
289.752
289.641
289.627
289.501
289.452
289.449
289.443
289.43
289.409
289.344
289.262
289.239
289.138
289.127
289.1
289.062
289.044
289.041
289.038
288.937
288.918
288.828
288.795
288.636
288.502
288.276
288.258
288.205
288.113
288.015
287.993
287.931
287.903
287.874
287.86
287.835
287.823
287.806
287.631
287.605
287.571
287.57
287.528
287.463
287.361
287.36
287.168
287.168
286.681
286.633
286.421
286.319
286.315
286.309
286.214
286.125
285.916
285.736
285.721
285.713
285.596
285.546
285.385
285.344
285.017
284.945
284.54
284.427
284.344
284.291
284.139
284.114
283.959
283.957
283.823
283.514
283.471
283.325
283.285
283.262
283.168
283.022
283.005
282.824
282.695
282.661
282.658
282.573
282.516
282.394
282.296
282.125
282.109
281.989
281.854
281.806
281.802
281.784
281.657
281.602
281.584
281.399
281.339
281.31
281.184
281.099
281.097
280.972
280.971
280.942
280.853
280.663
280.493
280.182
280.177
280.004
279.906
279.894
279.851
279.795
279.648
279.575
279.528
279.413
279.329
279.317
279.175
278.94
278.864
278.779
278.728
278.703
278.624
278.569
278.407
278.398
278.384
278.353
278.335
278.281
278.036
277.856
277.812
277.484
277.363
277.285
277.284
276.814
276.811
276.481
276.293
276.07
275.678
275.663
275.538
275.054
274.972
274.909
274.779
274.422
274.407
274.343
274.282
274.176
273.827
273.797
273.295
273.245
273.236
273.156
273.057
272.995
272.976
272.819
272.816
272.788
272.65
272.628
272.194
272.186
272.17
272.15
271.975
271.967
271.911
271.743
271.663
271.381
271.157
271.051
270.951
270.911
270.755
270.696
270.679
270.461
270.347
270.059
269.902
269.901
269.736
269.552
269.431
269.122
269.093
268.956
268.891
268.848
268.836
268.781
268.686
268.302
268.265
268.055
267.83
267.771
267.561
267.51
267.134
267.123
267.11
267.02
266.985
266.898
266.795
266.669
266.605
266.471
266.285
266.16
266.117
266.081
265.739
265.629
265.629
265.595
265.502
265.499
265.257
265.168
264.417
264.408
264.335
264.314
264.119
263.807
263.755
263.746
263.408
263.246
263.18
263.166
263.017
262.994
262.91
262.784
262.7
262.495
262.467
261.951
261.937
261.922
261.827
261.716
261.508
261.425
261.421
261.406
261.123
260.99
260.871
260.841
260.769
260.676
260.41
260.222
259.855
259.77
259.744
259.744
259.707
259.706
259.665
259.611
259.553
259.298
259.277
259.228
259.083
258.908
258.892
258.852
258.772
258.763
258.747
258.651
258.641
258.574
258.552
258.275
258.223
257.955
257.908
257.887
257.773
257.686
257.627
257.586
257.51
257.505
257.492
257.383
257.359
257.214
257.197
257.159
257.048
256.618
256.607
256.604
256.582
256.456
256.443
256.388
256.316
256.301
256.243
255.989
255.946
255.653
255.478
255.464
255.234
255.218
254.737
254.668
254.614
254.494
254.382
254.302
254.096
253.997
253.952
253.925
253.864
253.799
253.747
253.619
253.492
253.467
253.46
253.354
253.216
253.16
252.831
252.677
252.442
252.347
252.276
252.129
252.043
251.741
251.524
251.486
251.291
251.271
251.172
251.065
251.021
250.987
250.968
250.748
250.679
250.517
250.412
250.298
250.273
250.135
250.034
249.928
249.922
249.738
249.569
249.317
249.273
249.199
249.169
249.146
249.089
248.959
248.77
248.745
248.65
248.593
248.546
248.373
248.312
248.281
248.273
248.235
248.229
248.171
248.066
247.885
247.856
247.525
247.376
247.293
247.045
246.988
246.972
246.891
246.762
246.487
246.432
246.104
245.999
245.979
245.641
245.322
245.238
245.238
245.19
244.962
244.914
244.882
244.703
244.596
244.515
244.303
244.283
244.173
244.15
244.055
244.043
243.915
243.71
243.71
243.577
243.188
243.083
243.019
242.915
242.848
242.759
242.624
242.593
242.515
242.495
242.178
242.079
242.06
241.806
241.701
241.699
241.521
241.508
241.463
241.093
241.068
240.997
240.975
240.973
240.931
240.883
240.534
240.295
240.287
240.279
240.181
240.174
240.151
240.0
239.808
239.754
239.728
239.702
239.669
239.654
239.65
239.622
239.574
239.349
239.276
239.253
239.177
239.093
238.835
238.729
238.691
238.547
238.243
238.203
238.177
238.112
237.988
237.84
237.742
237.645
237.615
237.526
237.415
237.364
237.313
237.276
236.936
236.864
236.674
236.493
236.456
236.374
236.339
236.338
236.292
236.121
236.114
235.426
235.358
235.214
235.113
234.875
234.848
234.821
234.738
234.693
234.565
234.523
234.454
234.406
234.356
234.285
234.254
234.185
233.887
233.553
233.414
233.308
233.237
233.175
233.161
233.079
232.963
232.634
232.556
232.461
232.327
232.025
231.987
231.942
231.835
231.748
231.621
231.281
231.046
230.934
230.849
230.727
230.542
230.329
230.252
230.213
230.203
230.001
229.86
229.761
229.743
229.487
229.486
229.335
229.241
229.229
228.961
228.889
228.635
228.606
228.544
228.515
228.501
228.308
228.123
228.047
227.924
227.922
227.82
227.653
227.576
227.574
227.519
227.517
227.444
227.416
227.352
227.35
227.286
227.241
227.181
227.143
227.114
226.985
226.957
226.951
226.924
226.87
226.707
226.585
226.501
226.411
226.374
225.919
225.755
225.617
225.537
225.411
225.372
225.191
225.163
225.126
225.116
225.077
224.914
224.828
224.719
224.502
224.411
224.379
224.095
224.091
224.039
224.029
224.009
223.869
223.654
223.646
223.622
223.602
223.481
223.447
223.102
223.088
222.995
222.966
222.862
222.741
222.637
222.362
222.147
222.123
222.059
221.979
221.85
221.84
221.539
221.041
220.966
220.964
220.856
220.84
220.729
220.638
220.505
220.449
220.305
220.24
219.977
219.925
219.922
219.905
219.739
219.643
219.595
219.571
219.553
219.135
219.097
218.869
218.334
218.254
218.163
218.122
217.923
217.795
217.76
217.74
217.675
217.641
217.577
217.564
217.339
217.246
217.235
217.182
216.973
216.901
216.893
216.791
216.753
216.687
216.513
216.387
216.328
216.285
216.26
216.238
216.16
216.024
215.844
215.713
215.699
215.573
215.296
215.229
215.123
215.088
215.056
215.013
214.979
214.894
214.758
214.709
214.524
214.473
214.443
214.425
214.354
213.791
213.732
213.608
213.37
213.068
213.061
213.051
213.028
213.019
212.892
212.66
212.547
212.527
212.465
212.41
212.294
212.239
211.883
211.704
211.618
211.599
211.592
211.403
211.39
211.22
211.195
211.174
211.167
211.103
211.013
211.006
210.979
210.947
210.883
210.802
210.798
210.558
210.484
210.412
210.279
209.922
209.87
209.709
209.305
209.193
209.131
208.984
208.821
208.703
208.644
208.643
208.127
208.062
208.035
207.93
207.748
207.723
207.621
207.609
207.46
207.382
207.276
207.221
207.219
207.213
207.0
206.979
206.974
206.872
206.66
206.62
206.612
206.402
206.371
206.365
206.338
206.224
206.126
206.093
205.833
205.69
205.318
205.309
205.303
205.26
205.256
204.964
204.778
204.739
204.71
204.673
204.658
204.647
204.589
204.525
204.163
204.087
204.077
203.951
203.89
203.268
203.135
203.059
203.05
203.047
202.986
202.764
202.755
202.665
202.522
202.49
202.443
202.395
202.094
201.87
201.794
201.431
200.888
200.743
200.552
200.532
200.401
200.401
200.282
200.281
200.154
200.074
200.005
199.86
199.656
199.593
199.592
199.557
199.317
199.274
199.273
199.24
199.151
199.0
198.995
198.82
198.641
198.581
198.481
198.357
198.205
198.015
197.887
197.854
197.848
197.775
197.774
197.762
197.759
197.743
197.628
197.587
197.21
196.836
196.822
196.716
196.536
196.411
196.394
196.321
196.301
196.281
196.273
196.138
195.987
195.864
195.616
195.592
195.499
195.495
195.438
195.413
195.377
195.308
195.234
195.177
195.089
195.034
195.022
194.978
194.583
194.505
194.459
194.419
194.356
194.296
194.262
193.984
193.835
193.774
193.464
193.351
192.904
192.79
192.759
192.371
192.344
192.334
192.186
192.159
192.091
192.073
192.01
191.821
191.721
191.65
191.387
191.342
191.252
191.2
191.073
190.891
190.816
190.67
190.653
190.512
190.324
190.277
190.11
190.109
190.063
190.031
189.944
189.939
189.927
189.893
189.875
189.865
189.834
189.607
189.536
189.455
189.35
189.14
189.012
188.769
188.767
188.642
188.633
188.617
188.554
188.419
188.129
188.058
187.767
187.76
187.603
187.545
187.527
187.447
187.098
186.999
186.998
186.893
186.67
186.668
186.548
186.538
186.364
186.26
186.214
185.926
185.813
185.682
185.391
185.371
185.211
185.12
184.9
184.523
184.387
184.123
184.035
183.851
183.841
183.838
183.762
183.759
183.636
183.617
183.557
183.553
183.307
183.259
183.234
182.875
182.816
182.777
182.767
182.615
182.496
182.352
182.174
182.152
182.112
182.093
181.976
181.935
181.921
181.698
181.513
181.495
181.472
181.458
181.198
181.147
181.144
181.124
180.863
180.839
180.823
180.805
180.692
180.656
180.6
180.436
180.376
180.373
180.36
180.297
180.246
180.068
179.919
179.898
179.492
179.341
179.183
179.146
179.119
179.08
179.015
178.795
178.729
178.667
178.517
178.438
178.38
178.174
178.033
178.003
177.995
177.991
177.948
177.911
177.681
177.592
177.53
177.504
177.478
177.384
177.324
177.248
176.978
176.755
176.344
176.25
176.154
175.897
175.803
175.689
175.678
175.678
175.668
175.583
175.428
175.399
175.393
175.055
175.039
174.951
174.57
174.242
174.093
173.626
173.551
173.508
173.386
173.375
173.339
173.291
173.279
173.271
173.116
173.074
172.948
172.826
172.818
172.808
172.68
172.616
172.416
172.255
172.221
171.992
171.985
171.642
171.371
171.323
171.24
171.021
170.986
170.883
170.864
170.842
170.803
170.691
170.66
170.66
170.645
170.535
170.441
170.414
170.385
170.382
170.295
170.118
170.042
169.985
169.811
169.62
169.488
169.373
169.321
169.27
169.2
169.193
169.161
169.087
169.014
168.976
168.956
168.901
168.784
168.732
168.7
168.52
168.477
168.45
168.385
168.261
168.207
168.114
168.088
167.958
167.889
167.779
167.751
167.643
167.451
167.335
167.318
167.239
167.062
166.899
166.538
166.392
166.316
166.27
166.231
166.115
165.986
165.803
165.801
165.742
165.624
165.623
165.517
165.414
165.377
165.284
165.21
165.189
165.137
165.031
165.024
164.799
164.789
164.68
164.508
164.303
164.143
163.891
163.761
163.29
163.207
163.14
163.14
163.103
162.92
162.823
162.747
162.588
162.55
162.55
162.489
162.214
162.137
162.087
162.031
161.884
161.698
161.673
161.671
161.669
161.621
161.535
161.419
161.221
161.103
161.082
161.023
160.956
160.824
160.555
160.169
160.132
160.084
159.978
159.861
159.708
159.568
159.546
159.374
159.364
159.32
159.229
159.191
159.139
159.116
158.933
158.911
158.9
158.856
158.833
158.798
158.562
158.471
158.401
158.365
158.252
158.121
158.077
157.843
157.813
157.707
157.695
157.552
157.395
157.258
157.243
157.231
157.16
157.126
157.061
157.034
157.016
156.984
156.414
156.406
156.398
156.196
156.108
155.693
155.646
155.51
155.344
155.324
155.305
154.918
154.898
154.719
154.607
154.596
154.576
154.363
154.348
154.293
154.214
154.202
154.108
154.02
153.699
153.626
153.604
153.39
153.343
153.31
153.236
153.173
153.156
153.147
153.005
152.965
152.917
152.866
152.734
152.665
152.493
152.34
152.195
152.051
151.979
151.922
151.777
151.646
151.624
151.619
151.318
151.296
151.221
151.2
151.198
150.924
150.784
150.574
150.549
150.305
150.231
150.139
150.065
149.971
149.626
149.562
149.499
149.372
149.352
149.339
149.256
149.197
149.144
148.994
148.868
148.838
148.837
148.786
148.51
148.294
148.078
148.055
148.044
147.948
147.935
147.616
147.531
147.517
147.492
147.457
147.358
147.347
147.215
146.906
146.827
146.681
146.21
146.136
146.012
145.774
145.768
145.756
145.637
145.621
145.597
145.549
145.419
145.41
145.236
145.071
145.028
145.009
144.818
144.65
144.55
144.544
144.453
144.437
144.397
144.388
144.388
144.363
144.094
143.96
143.817
143.693
143.693
143.64
143.605
143.422
143.376
143.228
143.125
143.048
142.976
142.946
142.918
142.864
142.856
142.809
142.635
142.568
142.561
142.539
142.443
142.373
142.084
142.048
141.849
141.784
141.761
141.591
141.516
141.438
141.376
141.316
141.249
141.12
141.087
140.965
140.907
140.71
140.592
140.558
140.485
140.345
140.173
139.818
139.748
139.714
139.679
139.581
139.454
139.401
139.32
139.261
139.253
139.159
139.108
138.918
138.904
138.792
138.591
138.589
138.419
138.148
138.093
138.066
137.996
137.821
137.738
137.71
137.668
137.649
137.468
137.311
137.15
136.999
136.835
136.776
136.131
135.956
135.706
135.642
135.563
135.476
135.374
135.256
135.172
135.107
135.061
134.947
134.814
134.753
134.633
134.609
134.561
134.348
134.263
134.196
134.185
134.134
134.056
134.024
133.681
133.641
133.602
133.549
133.398
133.283
133.231
133.227
133.09
133.019
132.943
132.757
132.675
132.583
132.461
132.406
132.363
132.055
131.993
131.802
131.78
131.774
131.749
131.359
131.343
131.141
131.029
130.869
130.847
130.808
130.723
130.58
130.542
130.323
130.145
130.142
130.099
130.089
129.9
129.797
129.787
129.672
129.669
129.629
129.527
129.363
129.332
129.091
129.082
129.008
128.956
128.942
128.794
128.627
128.475
128.408
128.4
128.155
128.061
127.961
127.872
127.756
127.566
127.399
127.057
127.036
126.936
126.824
126.748
126.716
126.688
126.363
126.113
126.022
125.893
125.872
125.772
125.608
125.59
125.434
125.421
125.195
125.09
125.054
124.995
124.87
124.833
124.36
124.294
124.279
124.251
124.103
124.102
124.048
124.034
124.0
123.878
123.847
123.791
123.713
123.632
123.455
123.415
123.205
123.071
123.053
122.987
122.902
122.846
122.772
122.768
122.568
122.559
122.482
122.46
122.409
122.307
122.186
122.05
121.99
121.862
121.75
121.739
121.487
121.485
121.311
121.175
121.001
120.66
120.635
120.621
120.436
120.337
120.094
120.057
120.023
119.94
119.881
119.833
119.725
119.698
119.672
119.38
119.205
119.157
119.01
118.989
118.68
118.375
118.342
118.3
117.991
117.805
117.721
117.612
117.446
117.182
116.711
116.685
116.631
116.559
116.461
116.321
116.194
116.109
116.083
116.079
116.073
115.949
115.895
115.664
115.632
115.61
115.521
115.332
115.099
114.975
114.833
114.792
114.508
114.331
114.182
114.18
114.128
114.054
114.001
113.86
113.721
113.647
113.379
113.311
113.227
113.109
113.032
112.665
112.656
112.572
112.344
112.326
112.29
111.773
111.679
111.453
111.149
111.055
110.832
110.659
110.58
110.32
110.297
110.218
110.196
110.083
109.442
109.421
109.344
109.325
109.237
109.183
109.004
108.925
108.842
108.804
108.694
108.456
108.383
108.09
107.939
107.905
107.835
107.783
107.666
107.565
107.532
107.508
107.495
107.466
107.401
107.279
107.27
107.222
107.2
107.171
107.141
107.094
106.762
106.708
106.694
106.571
106.526
106.433
106.325
106.276
105.965
105.96
105.805
105.669
105.584
105.55
105.499
105.486
105.461
105.37
105.323
105.254
105.16
105.123
105.086
105.049
104.875
104.809
104.734
104.704
104.672
104.501
104.287
104.236
104.232
104.228
104.168
104.15
104.141
103.949
103.874
103.703
103.604
103.496
103.458
103.356
103.204
103.166
103.114
103.033
102.846
102.708
102.584
102.417
102.162
102.016
101.894
101.859
101.733
101.605
101.586
101.394
101.341
101.328
101.271
101.237
101.193
101.095
100.861
100.744
100.701
100.661
100.628
100.556
100.522
100.383
100.213
100.172
100.037
99.986
99.933
99.915
99.786
99.755
99.693
99.62
99.489
99.457
99.456
99.411
99.306
98.966
98.878
98.823
98.797
98.777
98.683
98.525
98.462
98.452
98.406
98.327
98.31
98.292
98.039
97.961
97.956
97.931
97.926
97.79
97.717
97.709
97.549
97.474
97.385
97.354
97.272
96.975
96.738
96.715
96.657
96.431
96.283
96.226
96.129
96.104
95.729
95.695
95.68
95.672
95.543
95.518
95.499
95.457
95.453
95.42
95.281
95.228
95.182
94.891
94.849
94.591
94.525
94.5
94.158
94.138
94.048
93.894
93.828
93.741
93.623
93.548
93.502
93.486
93.209
93.204
93.051
92.924
92.885
92.844
92.578
92.476
92.427
92.394
92.38
92.272
92.185
92.114
92.013
91.989
91.961
91.898
91.895
91.808
91.68
91.476
91.428
91.383
91.341
91.309
91.3
91.172
91.104
90.995
90.934
90.853
90.601
90.54
90.401
90.378
90.35
90.328
90.155
90.025
89.955
89.718
89.705
89.693
89.651
89.637
89.598
89.562
89.159
89.05
88.964
88.953
88.938
88.819
88.633
88.607
88.448
88.434
88.389
88.305
88.253
88.227
88.225
87.927
87.86
87.808
87.756
87.732
87.713
87.682
87.642
87.584
87.392
86.922
86.817
86.798
86.546
86.253
86.109
86.083
86.076
85.809
85.766
85.689
85.504
85.461
85.452
85.333
85.33
85.306
85.229
85.161
85.084
85.083
84.988
84.898
84.888
84.819
84.568
84.495
84.277
84.028
84.007
83.842
83.798
83.784
83.771
83.724
83.702
83.669
83.628
83.619
83.6
83.583
83.567
83.557
83.09
83.079
82.436
82.417
82.302
82.191
82.021
82.013
81.975
81.95
81.921
81.782
81.708
81.336
81.213
81.162
81.111
81.036
80.966
80.735
80.674
80.502
80.438
80.429
80.427
80.124
80.086
79.653
79.608
79.389
78.975
78.912
78.882
78.855
78.72
78.623
78.587
78.507
78.485
78.399
78.371
78.351
78.202
78.164
78.131
77.942
77.576
77.275
77.256
77.25
77.215
77.2
77.091
76.986
76.728
76.541
76.353
76.226
75.978
75.808
75.78
75.755
75.752
75.733
75.449
75.385
75.353
75.263
74.921
74.873
74.773
74.747
74.596
74.589
74.542
74.506
74.464
74.357
74.19
74.173
74.147
74.118
73.791
73.607
73.547
73.482
73.456
73.396
73.266
73.236
73.235
73.067
73.022
72.54
72.53
72.463
72.351
72.311
72.3
72.241
71.906
71.734
71.704
71.582
71.514
71.404
71.259
71.226
70.941
70.859
70.815
70.697
70.641
70.605
70.603
70.572
70.521
70.453
70.167
70.137
70.118
70.101
69.788
69.732
69.618
69.578
69.548
69.426
69.398
69.274
69.243
69.161
69.057
68.985
68.677
68.354
68.337
67.993
67.963
67.829
67.802
67.77
67.648
67.532
67.242
67.225
67.012
66.736
66.639
66.621
66.568
66.514
66.5
66.483
66.48
66.338
66.295
66.215
65.933
65.899
65.86
65.408
65.378
64.942
64.849
64.471
64.433
64.406
64.352
64.327
64.04
64.027
63.878
63.757
63.4
63.385
63.372
63.341
63.299
63.276
63.224
63.2
63.192
63.164
63.139
63.029
62.917
62.778
62.7
62.693
62.462
62.451
62.374
61.785
61.719
61.676
61.584
61.438
61.272
61.271
61.211
61.196
61.156
61.142
61.112
61.101
60.95
60.893
60.716
60.524
60.392
60.312
60.212
60.015
59.898
59.89
59.878
59.648
59.645
59.644
59.56
59.547
59.518
59.458
59.371
59.357
59.314
59.261
59.045
59.01
58.919
58.847
58.82
58.787
58.779
58.69
58.297
58.246
57.946
57.814
57.808
57.764
57.707
57.607
57.536
57.532
57.483
57.464
57.349
57.306
57.296
57.29
57.083
57.062
56.897
56.657
56.542
56.533
56.412
56.389
56.2
56.1
56.068
55.997
55.917
55.906
55.838
55.72
55.589
55.557
55.422
55.332
55.213
54.932
54.823
54.593
54.548
54.52
54.455
54.45
54.348
54.28
54.181
53.955
53.787
53.633
53.556
53.402
53.114
53.073
52.96
52.884
52.839
52.734
52.682
52.673
52.618
52.482
52.405
52.373
52.359
52.06
51.995
51.97
51.791
51.75
51.347
51.189
51.135
51.021
50.887
50.779
50.531
50.44
50.411
50.401
50.387
50.364
50.261
50.202
50.18
50.049
50.029
50.027
50.013
49.903
49.837
49.817
49.718
49.68
49.494
49.441
49.364
49.363
49.339
49.114
48.976
48.957
48.888
48.85
48.696
48.605
48.579
48.487
48.244
48.163
48.106
48.004
47.989
47.946
47.252
47.133
46.932
46.648
46.496
46.476
46.422
46.287
45.873
45.809
45.73
45.69
45.609
45.464
45.093
45.032
44.994
44.886
44.873
44.847
44.79
44.62
44.497
44.324
44.218
43.912
43.88
43.387
42.917
42.915
42.886
42.853
42.751
42.4
42.095
42.06
41.961
41.96
41.957
41.684
41.64
41.622
41.579
41.516
41.269
41.261
41.248
41.017
40.924
40.847
40.655
40.53
40.438
40.437
40.372
40.358
40.261
40.248
40.197
39.853
39.787
39.657
39.252
39.181
39.13
38.935
38.91
38.838
38.811
38.742
38.581
38.578
38.553
38.43
38.365
38.365
38.347
38.325
38.187
38.119
38.074
38.053
38.013
37.83
37.806
37.735
37.683
37.617
37.504
37.483
37.447
37.345
37.329
37.281
37.231
37.102
37.101
37.075
37.048
36.947
36.894
36.846
36.73
36.523
36.481
36.374
36.373
36.299
36.055
35.68
35.673
35.655
35.64
35.608
35.605
35.4
35.382
35.105
34.857
34.598
34.41
34.373
34.358
34.336
34.33
34.208
34.195
34.175
34.143
34.064
34.015
33.685
33.602
33.557
33.532
33.333
33.153
33.138
33.08
32.995
32.985
32.773
32.676
32.591
32.475
32.41
32.042
32.002
32.0
31.966
31.882
31.585
31.552
31.477
31.417
31.353
31.207
31.126
30.666
30.468
30.189
29.995
29.941
29.923
29.67
29.559
29.366
29.322
29.109
29.041
29.02
29.0
28.886
28.866
28.675
28.47
28.318
28.274
28.115
27.808
27.768
27.744
27.711
27.706
27.62
27.602
27.353
27.327
27.294
27.218
27.03
27.024
26.998
26.905
26.86
26.856
26.658
26.212
26.095
25.959
25.938
25.937
25.625
25.135
24.974
24.905
24.25
23.995
23.528
23.512
23.445
23.382
23.309
23.156
23.083
22.866
22.714
22.705
22.442
22.418
22.385
22.225
22.211
22.133
22.105
22.08
21.979
21.836
21.798
21.382
21.289
21.138
21.03
20.96
20.928
20.886
20.882
20.867
20.824
20.769
20.766
20.648
20.574
20.531
20.515
20.484
20.443
20.065
19.898
19.891
19.705
19.12
18.928
18.578
18.57
18.569
18.482
18.428
18.401
18.36
18.338
18.321
18.25
18.242
18.234
17.99
17.642
17.246
17.186
17.127
17.111
17.001
16.998
16.895
16.858
16.784
16.55
16.505
16.311
16.298
16.218
16.183
15.996
15.989
15.702
15.473
15.41
15.406
15.283
14.958
14.942
14.78
14.747
14.643
14.638
14.622
14.585
14.432
14.314
14.212
14.173
13.964
13.794
13.424
13.414
13.289
12.875
12.688
12.687
12.557
12.484
12.362
12.034
11.922
11.871
11.859
11.768
11.713
11.581
11.514
11.478
11.425
11.38
11.302
11.283
11.259
11.068
11.035
10.687
10.643
10.462
10.417
10.379
10.342
10.169
10.044
9.989
9.964
9.962
9.746
9.703
9.626
9.603
9.532
9.485
9.041
9.021
9.0
8.963
8.906
8.862
8.801
8.577
8.425
8.285
8.227
8.142
8.094
7.846
7.649
7.584
7.548
7.517
7.458
7.273
7.27
7.269
7.242
7.037
7.024
6.795
6.761
6.671
6.525
6.511
6.39
6.343
6.285
6.199
6.176
6.076
6.059
6.02
5.996
5.882
5.871
5.718
5.699
5.6
5.31
5.121
4.956
4.877
4.635
4.592
4.566
4.541
4.509
4.461
4.201
4.024
3.5
3.483
3.409
3.117
3.109
2.776
2.687
2.62
2.321
2.307
2.28
2.244
2.23
2.217
2.182
1.943
1.923
1.818
1.777
1.484
1.448
1.381
1.343
1.209
1.145
1.056
1.046
1.016
