936.093
59.211
632.823
554.954
577.782
897.219
134.118
162.798
520.48
21.192
808.221
50.615
763.404
137.295
215.098
553.139
726.359
285.696
237.221
962.475
892.041
308.706
81.863
716.559
488.424
934.49
257.398
205.048
991.7
562.631
365.268
410.748
259.722
89.529
648.95
514.689
325.827
994.065
420.323
47.028
529.187
122.809
219.274
327.55
820.254
495.358
368.944
103.954
199.36
38.134
764.626
485.236
707.996
292.5
881.419
583.489
663.167
570.306
154.884
411.812
819.897
180.993
399.256
962.019
799.118
983.002
240.862
304.689
841.569
699.42
965.933
155.747
291.672
31.411
449.569
989.035
28.144
178.683
715.539
475.102
26.903
767.452
816.104
659.457
552.836
831.458
952.044
472.514
877.963
15.001
748.356
410.751
258.359
23.415
836.391
179.333
798.734
595.782
423.736
797.351
954.74
210.641
710.712
8.053
917.367
781.362
35.308
813.974
847.625
817.878
815.654
107.858
393.448
763.299
798.94
919.152
248.694
475.327
352.534
812.65
700.847
392.446
644.012
714.61
436.694
575.973
278.656
130.393
335.919
357.055
454.258
355.378
243.066
185.468
21.589
124.721
478.874
71.612
306.056
621.833
939.35
324.926
2.378
457.744
289.324
503.325
636.304
969.92
321.68
89.081
45.497
59.982
338.515
652.522
925.473
94.025
344.739
573.537
310.514
236.123
481.83
262.164
335.064
306.667
541.687
13.859
342.51
350.192
66.381
300.237
474.601
129.994
441.957
864.414
741.597
930.047
576.566
515.408
809.528
933.2
246.876
811.119
7.32
200.856
451.413
890.621
28.897
648.681
208.992
710.271
517.304
128.64
403.076
70.622
997.993
66.922
348.351
988.848
463.479
914.389
614.509
849.647
734.977
862.458
262.898
338.893
193.685
471.644
35.05
491.959
177.12
836.172
68.765
944.834
212.939
854.257
90.455
568.366
579.022
375.21
258.502
906.205
590.316
786.958
537.572
334.282
461.81
244.752
748.72
856.328
386.235
311.844
424.491
105.22
709.976
960.174
95.1
394.486
697.909
455.664
437.919
228.213
64.314
778.696
191.734
789.657
616.536
135.618
682.324
289.261
76.87
690.737
84.224
781.453
188.376
178.19
385.438
635.177
91.049
225.18
568.611
316.137
914.917
180.122
466.144
262.244
322.493
641.021
653.85
952.357
150.908
944.589
845.514
410.836
630.857
22.824
860.342
972.54
428.17
623.355
516.05
99.735
848.832
32.764
758.797
958.52
958.78
243.457
578.122
377.288
159.83
259.006
55.95
82.035
909.519
802.031
681.585
981.836
354.487
172.613
354.366
488.217
77.891
83.476
703.783
772.494
496.845
667.687
82.325
150.308
267.617
197.31
517.872
810.918
212.682
741.931
613.948
672.273
337.807
681.023
141.515
769.398
364.363
727.949
572.494
484.2
290.906
948.075
240.448
554.959
959.845
269.036
444.358
600.762
372.092
279.962
35.689
465.203
351.503
142.188
301.248
412.51
994.226
990.942
237.033
750.637
468.502
41.029
977.975
746.349
781.01
953.069
601.387
276.798
560.353
366.488
561.806
702.426
843.922
883.041
379.306
300.9
67.391
218.755
537.87
323.623
796.574
560.466
288.474
464.745
857.315
662.777
757.421
902.326
650.79
659.981
22.459
809.085
281.342
482.784
948.188
174.775
865.421
289.569
232.304
751.029
879.188
166.166
215.036
202.079
499.677
434.005
335.638
15.202
891.876
832.316
639.277
409.694
2.583
598.166
157.114
634.69
823.889
175.044
460.821
415.784
661.597
374.559
253.202
334.267
614.522
706.973
116.726
553.075
501.752
228.747
157.862
457.203
29.262
215.765
622.899
383.017
616.646
102.095
299.873
703.879
588.387
572.513
65.511
601.51
50.034
628.828
871.473
710.971
775.953
751.673
452.201
158.793
892.315
621.223
338.83
102.688
241.836
757.941
515.285
953.543
808.918
854.871
134.308
298.203
365.781
295.022
642.099
29.236
296.474
741.753
931.447
726.072
590.901
558.794
137.413
33.624
397.032
492.659
845.751
294.311
812.461
297.15
222.618
739.714
471.166
805.314
203.173
347.171
780.468
946.785
290.774
841.929
626.309
182.703
830.592
247.189
352.588
995.549
58.014
217.03
391.801
191.475
644.158
925.777
391.65
966.573
191.889
263.465
399.194
134.425
978.746
463.339
283.58
724.294
669.212
893.054
438.405
195.094
795.274
783.324
342.586
267.342
619.406
331.707
241.972
791.824
220.07
491.51
454.36
729.85
764.204
485.594
669.521
822.579
512.611
816.234
629.067
784.317
492.133
332.513
945.19
866.852
804.652
778.068
795.492
528.977
421.599
260.727
65.783
773.884
197.801
465.111
171.942
559.303
470.452
970.983
548.089
12.715
912.18
596.302
687.987
859.047
489.337
818.915
517.514
513.039
347.749
104.601
710.019
804.166
366.02
123.019
906.494
459.511
728.492
531.978
327.402
365.473
164.53
678.852
99.904
8.386
415.435
173.896
877.606
649.09
408.101
850.032
653.257
846.098
928.387
434.328
476.993
165.969
703.758
601.623
335.201
513.557
608.958
264.406
641.341
881.337
700.258
959.164
832.992
824.495
745.976
247.95
500.131
286.184
192.446
961.537
793.704
628.288
861.296
955.86
774.247
594.294
408.857
200.151
846.87
761.546
645.724
232.026
704.497
564.112
868.145
85.089
252.09
631.942
691.647
290.026
876.667
373.942
744.185
477.114
386.997
246.112
340.527
601.494
1.254
502.243
555.305
858.032
210.157
697.409
289.777
573.937
119.868
491.567
161.656
778.916
261.025
124.708
537.954
307.623
475.346
256.075
378.269
617.264
838.8
450.743
24.893
535.338
339.563
252.56
358.072
939.696
681.813
750.221
71.187
924.056
724.221
804.326
520.919
241.254
309.947
913.841
349.857
786.411
781.516
490.816
503.04
672.124
217.513
15.881
323.777
681.638
946.559
347.02
32.436
606.465
489.552
964.71
665.034
529.629
890.496
974.814
630.49
794.333
885.14
481.966
831.641
603.87
123.69
280.712
700.115
839.938
142.484
896.484
78.527
858.208
935.762
466.09
280.441
918.912
959.666
23.822
807.921
765.851
657.515
274.521
554.095
612.824
460.382
66.757
729.382
214.417
517.528
71.609
882.985
226.88
290.311
153.822
330.461
568.152
558.752
387.358
325.608
587.999
141.702
154.936
774.044
40.741
47.89
702.333
321.673
370.255
516.274
502.393
153.034
731.394
333.773
711.431
190.711
608.757
798.065
487.75
689.014
621.022
656.715
505.053
11.348
6.625
394.496
242.784
451.14
37.077
743.61
603.069
181.579
282.227
439.679
158.929
535.111
760.427
537.02
335.393
885.522
1.836
381.949
228.82
370.248
473.818
199.394
717.809
928.448
444.134
475.833
132.696
143.532
174.589
470.498
645.123
274.494
488.054
954.566
438.691
128.784
835.108
668.887
392.51
938.096
271.408
808.039
266.65
900.508
776.101
487.834
756.996
189.715
466.235
475.949
45.842
559.004
529.515
795.083
42.775
650.514
76.737
600.377
575.634
798.49
479.418
244.757
890.398
464.983
131.193
670.524
52.022
179.937
479.422
955.217
283.524
536.421
471.207
860.236
803.751
87.508
547.137
49.436
936.972
469.52
366.886
120.325
985.942
813.085
148.808
553.06
261.905
371.33
513.647
181.479
849.671
86.915
344.25
88.388
342.906
550.751
105.85
325.931
81.531
546.426
495.295
821.093
712.688
602.948
391.913
378.801
242.741
317.218
653.2
808.649
519.404
778.546
222.126
979.572
567.819
764.909
212.378
999.497
101.093
228.292
370.904
624.247
35.782
634.621
39.589
846.217
359.719
660.738
812.263
880.717
767.963
654.505
114.977
527.77
303.159
267.585
212.662
420.595
446.994
137.107
485.527
604.686
892.788
239.914
237.029
176.084
603.69
177.242
827.398
420.525
950.6
708.488
536.722
805.419
75.6
98.117
501.996
319.78
915.316
578.067
495.549
710.905
166.636
995.004
168.304
70.067
863.087
814.347
841.888
300.886
891.528
56.373
548.276
230.077
524.792
544.798
929.342
32.684
533.582
267.397
473.295
499.388
979.738
591.279
898.605
774.771
203.086
466.738
863.889
318.785
762.747
519.665
354.195
28.846
124.62
697.365
252.135
4.716
950.831
169.176
949.173
11.629
115.377
768.404
80.506
719.738
891.887
964.867
690.658
754.931
772.322
351.847
60.412
399.257
705.167
810.994
258.551
418.073
784.666
868.594
492.621
949.496
718.833
153.885
210.069
789.871
427.579
212.589
888.629
69.391
413.322
342.761
573.551
34.595
739.931
182.436
803.789
197.511
7.922
359.196
487.094
185.105
944.881
93.915
816.49
565.943
584.595
116.415
182.318
769.542
136.436
436.999
747.024
366.231
627.299
868.844
351.37
306.245
333.774
75.968
204.477
338.838
749.243
739.79
172.622
915.059
596.018
435.492
182.849
436.164
346.436
130.916
916.759
965.722
730.62
875.819
644.943
526.707
92.626
754.609
581.236
21.976
460.26
383.614
772.815
34.318
503.606
805.338
625.562
949.61
28.169
495.93
574.162
53.257
887.518
669.95
91.872
706.331
765.604
812.354
650.073
595.419
299.933
332.372
597.223
317.085
418.763
35.62
72.765
84.191
966.483
971.236
532.314
876.46
887.626
775.063
582.752
449.006
73.826
668.104
245.311
815.88
151.891
624.219
872.499
121.945
722.405
858.14
646.026
713.39
976.369
415.839
254.468
401.078
639.463
332.8
537.604
768.04
738.821
171.42
29.149
402.16
909.879
942.712
174.842
641.23
656.757
130.193
802.321
791.623
46.072
710.661
62.05
45.835
782.454
330.28
41.472
278.815
477.197
236.847
255.316
554.044
758.295
291.019
40.78
443.702
609.485
70.616
905.643
346.379
794.807
487.481
271.823
55.668
172.634
550.912
349.067
919.426
552.048
253.062
370.407
406.817
701.869
451.887
961.156
760.273
719.036
319.338
572.946
949.064
225.158
365.57
934.07
28.581
808.62
855.167
458.964
824.714
856.74
888.307
501.866
19.856
896.261
84.872
707.417
797.357
906.325
509.046
18.75
565.632
405.79
661.119
573.126
737.334
207.387
549.396
90.35
13.043
490.973
511.665
269.063
806.377
976.027
870.772
74.975
169.284
116.851
878.448
754.756
522.914
694.735
53.745
724.794
837.444
622.765
74.034
175.333
949.01
367.093
675.286
616.446
398.972
621.988
928.257
429.53
596.242
543.506
974.446
228.54
337.044
61.544
886.543
210.358
428.059
769.017
661.615
254.205
841.879
504.329
551.437
421.631
567.129
580.409
314.626
928.528
919.896
359.966
135.986
592.752
939.515
199.892
506.895
179.92
981.486
116.992
976.172
721.609
285.448
240.684
160.364
866.644
149.047
69.838
820.711
718.911
595.584
776.981
527.036
892.567
579.367
728.866
881.537
918.168
267.558
236.267
488.85
552.145
833.681
250.865
385.273
804.119
150.49
687.742
870.497
54.578
85.902
526.165
649.583
959.16
798.913
692.521
385.55
396.096
413.985
570.88
705.998
102.421
486.473
22.411
117.367
666.079
613.679
113.366
556.545
602.526
625.949
773.962
135.237
938.036
906.578
353.588
28.921
428.717
773.97
543.375
894.528
417.818
282.037
627.31
632.623
496.15
395.271
118.106
652.857
222.131
959.241
306.809
579.342
466.505
2.668
38.381
994.126
512.535
390.641
509.777
877.582
740.109
18.508
131.894
255.066
271.053
637.725
347.228
611.859
744.872
421.929
885.406
594.305
547.371
334.324
680.19
760.752
354.044
315.249
65.174
828.261
744.5
182.079
89.139
628.077
793.749
818.826
231.692
957.742
695.197
323.426
847.63
774.42
915.54
893.334
477.792
7.12
282.638
562.85
958.363
384.67
997.127
463.605
458.49
623.668
502.618
245.029
675.251
473.477
542.304
633.989
564.316
701.785
335.098
19.93
679.115
398.348
583.685
275.767
868.098
440.281
220.681
320.798
477.488
83.188
83.535
493.129
610.975
535.365
285.816
577.59
203.808
394.93
933.094
142.69
311.627
556.953
689.699
474.528
267.818
717.311
186.076
640.835
557.451
664.641
332.065
850.916
593.48
885.308
857.478
603.788
982.713
449.418
612.014
205.816
559.782
82.499
348.317
700.886
89.709
180.246
309.562
105.46
909.158
272.801
353.985
131.039
219.053
144.168
960.133
245.743
202.692
586.398
3.499
751.156
579.416
92.165
787.57
272.979
761.06
871.444
393.179
636.945
80.425
157.916
622.566
444.547
860.557
71.16
210.823
219.797
807.186
172.086
209.344
700.292
10.272
150.348
371.378
970.087
376.419
46.592
300.985
503.802
740.888
638.562
685.941
602.623
360.36
879.365
622.505
880.508
113.019
255.607
874.729
489.587
358.489
564.668
49.332
629.216
289.703
395.624
121.173
215.536
716.822
867.334
634.744
992.895
579.788
608.356
348.294
182.595
226.418
653.781
596.217
818.517
354.05
129.648
555.587
864.98
958.897
978.252
100.562
300.742
766.577
923.788
733.808
153.758
714.138
119.947
704.223
953.578
291.761
370.283
196.044
386.661
426.415
932.877
360.201
794.336
961.89
833.999
122.631
475.067
787.099
385.655
924.37
23.328
636.11
169.729
224.601
686.759
964.929
935.564
567.112
738.229
600.698
580.811
19.34
723.497
575.166
828.92
791.507
498.521
587.406
688.559
570.619
260.282
236.393
60.821
298.805
367.413
746.245
68.368
145.581
311.129
426.558
723.8
225.281
909.346
697.987
258.942
460.473
826.235
818.013
193.994
726.176
154.92
498.61
770.884
736.079
168.639
336.517
657.406
493.324
62.052
494.367
686.799
851.397
658.937
526.213
430.703
710.917
737.801
299.347
664.976
386.856
97.982
418.857
287.312
889.798
919.7
715.331
172.542
220.353
299.022
63.161
680.123
15.592
987.048
883.721
764.244
757.642
275.247
536.318
613.369
292.88
538.379
373.276
848.282
213.721
149.184
951.009
84.851
587.526
440.061
362.412
919.691
459.238
114.096
110.384
184.174
489.23
203.216
171.269
738.193
538.14
608.425
517.702
767.056
280.181
261.293
259.787
40.237
246.905
371.855
797.705
672.846
560.353
216.088
283.535
320.954
598.289
332.598
609.239
361.132
512.069
985.545
285.624
554.203
785.378
342.401
253.557
545.887
387.433
175.05
473.067
416.748
887.208
467.492
330.62
273.462
88.014
788.596
724.325
681.09
565.265
719.34
206.347
271.098
633.612
555.457
82.392
29.734
461.604
418.224
388.767
699.835
866.368
163.29
989.338
998.332
954.919
448.648
91.011
89.649
757.888
10.677
736.223
416.66
45.455
347.178
1.157
862.114
36.687
731.277
462.449
262.332
438.01
877.463
541.328
556.761
251.661
853.752
836.882
813.468
243.873
326.881
48.741
867.75
849.948
580.837
738.183
186.709
148.75
963.57
367.876
716.887
859.93
341.227
407.977
482.6
320.724
78.436
357.333
566.102
311.771
192.84
513.906
926.982
483.406
527.632
456.476
481.726
56.677
684.155
957.057
283.562
76.045
15.056
280.032
668.056
424.961
132.065
836.576
326.726
997.563
258.602
758.114
362.151
714.376
170.596
990.856
937.668
91.773
562.333
438.202
241.776
748.543
500.356
701.322
384.839
88.27
189.013
666.977
210.536
252.706
778.604
317.172
341.61
141.4
119.584
122.247
255.163
889.551
453.099
114.493
575.84
34.998
491.288
287.612
74.966
23.564
707.202
743.253
759.465
38.669
257.902
968.297
483.954
865.123
13.283
187.405
581.919
866.951
763.46
308.641
235.914
603.282
50.523
15.493
342.821
514.317
768.338
944.009
201.739
614.624
120.764
517.737
140.598
223.078
303.94
268.205
454.875
184.499
387.357
825.821
3.672
701.831
677.156
76.72
414.77
120.496
846.579
317.878
651.739
837.617
651.048
104.343
919.452
53.794
425.967
103.223
404.455
902.679
413.246
324.328
640.338
817.431
251.001
18.705
516.045
770.192
794.624
140.578
810.629
888.97
137.345
901.034
35.757
239.588
516.076
419.171
192.888
56.915
619.314
526.251
692.742
275.817
835.852
165.041
417.367
314.844
673.378
250.558
107.009
41.021
684.683
675.902
718.404
287.187
845.355
710.249
608.629
704.653
957.464
468.589
781.098
64.861
266.858
220.872
688.581
31.958
218.051
418.354
992.429
33.142
459.399
485.829
720.809
412.252
433.874
796.254
396.519
933.427
386.115
787.568
352.634
612.517
333.301
157.566
538.134
740.276
34.753
156.179
490.29
837.972
769.226
597.079
112.141
144.267
136.03
929.475
658.622
839.651
356.134
560.931
555.867
461.351
804.882
501.32
69.468
732.267
905.198
173.087
708.629
774.536
17.382
198.617
179.384
587.494
549.5
1.117
298.216
964.717
527.838
406.406
281.035
280.503
17.011
311.78
544.894
392.637
452.1
739.79
847.043
443.624
679.41
250.337
766.587
403.475
571.032
993.442
311.203
377.962
330.135
354.199
412.043
181.582
117.473
203.054
584.862
54.073
486.555
694.403
51.105
861.93
334.398
459.634
67.616
320.348
772.763
923.771
569.865
37.919
349.087
739.15
629.065
403.31
543.226
490.15
857.832
114.006
52.943
656.726
346.012
181.014
475.385
564.265
915.235
517.552
773.891
319.103
831.33
977.584
554.555
76.969
685.885
362.525
983.984
638.948
454.597
936.619
137.218
284.963
263.795
581.239
141.849
988.35
638.062
702.08
570.41
569.618
75.045
200.365
669.871
68.324
349.755
591.679
430.476
933.881
85.02
137.402
431.107
259.436
364.037
909.962
746.911
613.05
727.121
981.826
400.605
568.916
611.029
543.22
822.244
406.915
928.432
349.762
818.522
904.044
463.266
170.934
633.665
838.011
231.377
527.66
6.679
740.181
977.06
86.072
67.477
143.318
544.487
759.683
390.186
915.611
316.991
237.597
859.346
647.057
44.798
696.533
520.003
668.977
81.695
324.021
937.023
200.219
436.674
603.493
674.614
747.114
418.607
643.443
158.993
724.207
443.534
151.931
397.994
256.897
992.977
676.677
724.33
177.442
733.57
825.579
643.657
590.68
16.006
800.597
867.106
908.767
606.544
246.083
351.114
901.725
389.974
134.015
763.805
943.094
460.932
119.839
938.342
29.097
655.985
994.802
507.296
983.126
206.177
114.5
558.031
85.26
763.96
75.149
496.693
768.234
129.625
296.354
257.982
492.102
825.947
601.584
66.123
27.208
791.157
31.829
286.272
388.414
284.516
298.03
281.405
533.893
607.647
627.381
671.996
127.033
873.653
614.617
595.909
158.897
947.94
876.367
899.861
302.377
513.026
628.623
917.258
906.313
504.466
685.014
358.277
88.804
414.59
162.396
179.137
859.269
451.88
667.114
527.837
746.956
792.748
110.87
696.817
408.573
465.188
661.468
442.425
712.217
627.255
259.492
770.571
339.925
867.274
646.453
681.422
447.953
884.727
143.22
952.468
381.295
797.943
893.829
328.327
243.705
804.316
804.815
462.022
360.006
352.725
586.49
355.583
635.304
299.126
70.038
858.306
929.22
20.24
471.996
135.406
939.758
727.215
762.927
550.33
181.879
5.06
711.969
187.326
985.932
586.278
880.334
918.794
903.8
870.666
810.776
87.094
921.768
735.929
551.664
230.198
823.717
642.875
556.658
22.571
599.077
244.982
859.109
687.325
45.395
356.144
582.069
147.727
448.091
948.929
211.307
374.469
743.88
202.466
667.386
274.906
545.832
810.123
104.441
440.223
352.241
778.707
967.829
491.684
711.683
537.094
901.501
408.937
356.775
814.465
654.545
280.536
570.473
574.924
90.474
122.217
333.033
58.95
804.371
554.278
161.199
226.262
879.36
580.674
109.35
529.107
208.476
354.711
215.429
361.06
111.935
946.124
161.738
940.935
615.743
868.566
165.154
354.212
886.918
999.422
837.04
485.107
700.186
416.34
637.825
446.791
699.739
251.333
470.532
19.326
871.577
324.458
906.227
617.525
932.697
172.946
857.823
97.416
378.321
443.377
120.115
185.982
176.094
186.104
710.916
868.314
860.737
469.912
798.761
511.47
820.046
791.345
514.956
605.513
986.928
919.667
318.907
392.403
795.363
874.799
427.17
708.188
836.473
668.188
145.155
780.475
927.368
650.599
452.147
855.856
30.663
487.149
410.724
57.754
341.469
179.654
217.578
39.309
172.222
827.809
430.539
84.679
133.498
639.13
714.884
390.681
775.305
397.913
222.631
674.855
162.375
600.215
759.575
785.711
281.499
726.663
113.048
213.341
246.227
694.74
482.032
955.899
365.955
151.858
482.855
309.758
695.41
80.197
669.306
965.899
559.465
225.186
686.59
679.689
230.764
699.012
256.035
466.268
971.157
748.608
360.236
271.737
809.939
116.558
101.359
713.545
34.106
835.337
575.909
738.275
577.024
821.205
764.664
124.311
365.38
522.821
829.778
747.599
340.497
197.742
212.544
59.132
867.304
201.133
900.022
377.774
563.567
910.809
10.746
389.387
678.889
387.242
535.86
368.721
342.471
563.042
51.116
787.501
381.542
696.315
25.085
270.941
746.003
303.326
166.922
964.707
512.657
557.959
141.282
492.626
560.406
862.94
660.794
977.36
378.951
975.667
148.039
306.169
536.127
530.313
607.384
404.41
664.86
862.968
668.775
346.375
615.858
606.871
200.742
363.966
627.052
944.216
73.812
864.076
458.552
111.792
394.1
401.012
107.711
931.563
865.817
126.635
465.778
140.935
591.903
837.272
320.854
963.955
828.912
964.828
639.574
138.698
58.985
527.486
492.413
963.196
36.561
186.55
264.516
59.546
637.709
521.708
216.914
183.264
364.83
333.343
624.249
547.12
74.595
587.603
493.96
685.796
985.08
39.703
222.24
502.509
616.834
654.889
766.703
668.46
800.486
297.683
753.634
134.653
361.913
72.393
921.96
421.241
946.91
131.022
435.538
837.841
127.35
563.312
857.087
711.332
543.622
820.205
221.889
13.796
562.372
254.658
351.459
430.961
883.795
62.587
700.392
757.861
487.968
456.573
592.848
108.031
320.022
638.706
330.589
778.838
131.368
262.277
586.308
308.875
748.516
954.254
847.301
899.645
53.309
826.756
521.911
669.769
919.334
178.798
995.991
551.372
324.19
681.234
510.153
557.017
3.708
326.743
500.605
436.416
48.007
822.19
609.27
752.42
877.264
138.571
157.167
713.501
821.847
744.729
328.453
40.041
674.726
701.447
81.313
936.67
314.771
125.044
353.398
712.986
995.073
338.2
122.507
403.831
717.102
83.488
163.893
163.723
934.364
102.035
953.733
341.384
328.527
120.551
303.908
884.508
856.656
12.521
884.91
332.351
620.081
850.275
967.685
952.908
346.45
183.956
936.123
75.499
77.431
281.778
334.68
422.318
371.804
776.847
518.663
308.053
611.676
984.044
128.672
211.249
604.905
255.01
557.57
113.463
787.71
587.217
990.961
565.515
514.214
611.927
891.883
692.203
431.664
612.41
37.544
516.945
788.68
544.718
374.578
599.787
349.6
962.336
144.404
33.161
621.706
367.457
994.771
51.172
843.797
971.999
367.904
408.368
84.187
44.013
688.377
446.954
486.422
393.831
75.887
974.156
319.493
723.371
630.36
675.022
421.646
695.5
615.618
730.2
729.998
567.528
93.018
724.962
51.96
264.392
586.361
854.773
262.919
936.756
710.575
298.165
355.775
962.319
326.136
361.954
46.613
540.929
221.17
410.383
222.427
59.174
252.776
133.026
378.488
139.201
601.181
621.541
718.138
478.684
532.824
979.799
156.441
589.311
197.772
216.976
981.924
887.053
60.849
576.766
774.198
487.916
678.949
315.004
506.552
739.732
394.652
605.684
592.912
162.994
183.395
989.56
981.294
180.819
674.22
421.588
344.659
800.937
710.602
575.11
534.482
153.025
265.663
305.287
974.502
514.543
136.009
338.201
288.675
105.77
291.861
547.855
85.851
979.107
914.597
723.492
446.45
944.552
390.331
733.358
361.392
881.336
173.685
295.275
834.079
988.163
989.613
455.625
725.124
542.731
284.563
468.2
674.688
925.785
221.414
62.713
640.35
332.424
872.034
412.968
192.898
254.913
731.183
748.42
37.391
16.297
335.236
251.382
949.013
173.33
338.522
830.49
736.501
632.972
606.99
252.793
220.274
109.291
332.499
278.193
4.891
828.403
839.579
236.019
702.965
688.305
61.467
730.033
45.098
884.281
162.723
15.823
22.729
244.236
523.25
591.044
550.426
749.815
597.827
534.582
659.369
226.376
152.682
363.568
140.565
392.224
278.155
655.294
432.32
414.666
273.881
926.4
819.141
596.964
946.559
117.052
635.404
156.391
332.946
439.207
898.342
900.075
14.417
271.463
251.133
499.151
811.444
259.533
758.781
925.178
687.362
134.029
909.74
666.82
954.983
279.741
185.18
251.027
92.053
767.231
101.515
720.747
446.78
623.143
236.418
279.753
620.349
925.042
737.497
781.683
680.441
508.886
99.708
400.022
774.807
360.429
597.902
313.663
275.044
390.244
645.775
49.084
861.625
136.365
769.224
140.23
491.22
697.957
663.865
855.803
650.178
5.78
421.982
610.187
342.046
914.016
380.795
22.075
349.877
399.375
382.087
45.62
813.873
451.819
415.344
241.842
525.836
595.913
320.813
489.377
665.868
182.823
629.137
554.328
722.273
152.044
108.234
761.522
894.36
279.067
476.401
291.66
607.183
775.005
972.111
175.643
793.776
240.697
640.48
458.491
805.139
767.773
718.56
350.713
279.585
662.312
836.733
685.652
795.651
183.359
923.835
417.878
177.045
496.843
281.593
25.418
393.768
420.345
127.246
631.626
485.255
233.039
750.925
799.408
104.297
502.449
200.033
343.966
42.04
855.722
925.187
59.039
622.888
670.802
774.74
949.068
104.835
150.636
201.43
70.119
312.243
389.062
672.434
957.092
873.492
186.007
687.683
676.012
852.653
49.225
214.339
109.549
580.63
343.339
519.303
463.79
506.603
783.855
800.525
900.942
262.184
687.354
27.164
948.742
816.414
199.22
447.238
583.867
216.618
512.384
421.925
138.938
683.731
727.259
542.997
312.959
15.431
763.418
348.782
138.009
560.797
934.952
587.289
415.64
300.058
652.381
136.383
22.406
710.356
728.105
241.743
313.597
366.801
721.737
446.992
911.81
318.652
186.471
414.961
14.887
363.202
811.629
396.588
806.67
642.256
604.672
401.29
603.363
691.106
303.725
37.818
736.228
775.733
238.721
781.08
966.611
94.599
663.803
692.565
723.489
703.846
493.016
570.909
266.123
412.745
132.701
612.904
590.167
614.392
586.767
566.704
53.131
294.036
339.085
235.982
191.64
321.175
369.091
597.785
635.196
302.607
988.774
592.145
504.364
285.358
717.242
40.179
979.34
395.078
443.203
764.926
767.12
966.838
137.87
766.642
477.538
549.621
858.714
356.387
934.484
374.295
98.169
40.727
642.11
214.403
121.818
262.488
183.508
610.742
841.442
912.508
312.154
991.753
790.02
514.772
104.408
470.227
963.399
258.652
797.826
57.452
578.865
491.422
528.309
792.827
402.827
437.183
807.748
563.513
52.774
312.554
733.502
87.89
412.385
705.055
977.978
411.668
514.994
910.871
616.725
820.103
437.168
177.77
929.473
675.695
674.746
980.181
258.433
481.618
388.678
890.658
724.083
454.218
454.098
283.672
68.687
937.612
442.767
928.617
985.765
401.697
557.846
719.258
841.707
487.393
393.65
802.131
682.43
271.472
741.628
682.423
737.786
820.996
18.544
195.586
273.507
381.144
752.89
923.965
433.118
772.726
246.08
942.142
603.688
669.121
174.965
682.232
72.931
931.812
816.285
484.397
734.887
722.29
347.009
702.215
403.476
863.04
771.804
190.663
13.296
824.702
429.039
830.644
465.034
116.107
768.288
199.932
817.47
993.7
965.504
530.24
519.831
713.308
800.478
399.326
95.554
256.721
608.826
48.513
697.081
795.505
753.113
748.474
268.596
718.38
400.574
64.848
570.86
502.016
816.763
380.825
47.173
60.078
389.454
292.701
770.538
369.637
251.761
234.825
768.372
51.868
936.753
47.31
721.446
979.632
190.279
112.431
358.281
279.317
144.755
16.328
403.007
62.284
948.567
980.031
411.217
440.468
923.185
893.455
488.747
916.418
656.304
544.185
524.368
830.27
721.469
485.285
530.787
299.466
360.155
243.775
697.105
508.53
155.966
781.876
468.976
989.436
187.682
60.261
201.232
262.722
492.572
350.492
744.119
356.877
203.91
170.654
310.57
295.47
916.948
469.914
291.007
819.886
561.502
374.648
471.396
476.083
683.171
355.554
127.669
21.327
465.362
78.237
314.675
801.637
598.103
880.317
41.345
845.555
786.149
519.576
994.536
888.191
319.09
581.014
235.835
808.185
466.41
411.255
687.184
810.401
418.778
350.311
589.587
988.958
137.77
815.993
530.055
396.912
216.101
65.467
105.411
268.166
982.581
427.077
298.695
645.993
133.031
757.987
22.397
829.79
620.114
573.04
357.896
139.544
79.348
967.807
427.498
610.583
550.515
310.978
621.117
754.938
441.794
63.709
271.193
617.096
819.239
700.3
774.931
93.191
479.857
267.609
611.889
400.653
198.684
4.077
561.484
95.038
85.735
222.613
932.968
987.041
471.796
107.15
329.114
978.18
584.94
77.528
753.522
92.166
957.896
919.679
263.628
525.746
970.575
17.872
149.155
446.646
617.545
187.511
788.605
800.889
286.974
718.791
924.549
701.781
36.557
430.204
998.775
447.874
84.97
720.644
107.741
892.609
536.595
314.955
925.005
463.772
625.699
104.355
415.893
983.536
114.883
381.113
364.221
550.77
815.205
118.011
194.832
733.182
705.392
304.496
344.591
410.698
637.243
395.537
614.256
421.369
341.567
293.933
655.716
317.395
649.57
11.16
729.776
684.548
421.881
38.889
458.615
689.13
427.91
242.695
185.56
689.586
976.74
350.399
159.997
140.267
475.652
229.718
560.654
916.037
42.76
233.793
41.505
113.591
119.446
826.228
694.428
431.721
125.991
781.902
916.547
968.836
506.159
243.363
175.887
273.147
537.267
799.613
475.177
555.346
574.179
498.028
553.204
460.798
145.079
440.005
748.175
530.03
62.963
712.948
665.239
117.114
6.487
763.199
946.197
523.941
403.375
721.219
407.606
932.053
940.182
17.936
444.692
758.949
666.871
79.065
95.62
951.827
633.93
729.074
45.81
458.104
372.281
202.798
253.566
551.213
34.403
125.424
368.623
721.333
950.02
756.686
409.656
780.317
686.438
128.209
432.122
741.282
417.738
851.759
713.422
547.891
112.831
25.25
662.948
327.451
710.219
684.829
128.681
198.158
853.168
563.083
180.541
532.281
701.456
78.98
714.069
605.697
643.129
162.861
662.135
842.431
572.7
804.671
263.585
17.601
393.972
779.909
802.813
144.487
531.239
606.046
27.803
124.503
344.352
830.341
864.542
791.131
199.138
652.907
881.107
480.029
713.24
600.705
833.663
634.323
131.676
66.322
385.034
424.302
460.77
387.569
334.957
953.161
592.047
759.297
873.986
75.305
896.337
53.115
339.247
24.333
169.834
491.282
277.858
416.594
538.024
835.524
54.054
851.002
564.397
847.468
68.546
68.348
249.817
922.052
104.647
579.1
922.533
391.155
985.9
880.38
712.437
801.264
264.754
668.759
150.001
658.169
848.873
782.4
996.935
308.512
951.157
575.797
915.301
146.666
614.083
459.502
417.797
793.651
977.711
216.534
137.699
766.087
471.026
687.379
897.754
954.339
439.137
975.538
273.85
909.111
588.389
455.839
767.522
407.659
55.315
724.008
642.142
236.123
594.076
158.213
442.093
464.2
748.847
674.39
353.054
792.72
867.869
851.765
508.035
71.025
622.25
831.49
297.215
675.172
378.947
199.663
117.511
224.105
383.291
474.423
165.131
334.366
381.713
504.246
758.227
95.38
936.973
308.953
198.321
514.107
186.04
510.77
55.521
402.953
442.068
423.97
661.308
686.206
9.545
705.756
243.182
720.083
152.907
609.9
353.928
380.099
748.436
775.104
307.325
849.624
268.61
33.707
159.874
565.392
564.865
560.353
584.983
7.438
720.227
39.161
120.212
19.757
204.387
737.463
385.821
26.83
160.364
274.556
958.0
734.337
987.853
331.295
685.888
110.989
370.06
64.628
105.456
124.182
857.265
391.087
345.723
437.108
890.996
659.662
116.423
151.63
817.611
626.73
920.839
110.312
562.639
600.578
100.161
621.354
725.9
399.766
356.488
236.965
461.877
839.455
116.458
793.484
511.814
901.608
348.116
42.963
230.948
22.926
881.466
943.615
858.325
683.294
828.154
491.005
513.018
554.435
487.512
969.882
788.338
527.041
478.051
947.473
731.424
763.288
17.359
470.942
763.568
57.615
779.902
140.41
748.986
185.682
288.4
198.664
443.32
176.786
69.006
565.92
811.551
927.914
694.428
29.067
731.448
227.344
305.642
310.923
190.577
771.103
497.543
883.323
315.361
242.14
241.945
295.129
249.946
585.316
378.862
715.34
317.345
332.375
285.275
169.082
447.271
194.599
646.77
750.953
283.814
490.803
639.755
434.564
772.596
761.014
582.091
921.965
715.276
785.411
816.2
703.962
839.542
367.162
773.481
57.834
556.422
18.861
520.581
23.417
846.599
521.292
871.681
342.343
907.83
308.182
79.047
625.774
969.631
813.35
924.599
743.902
299.326
819.02
481.927
740.78
148.9
352.656
862.402
899.971
651.488
529.986
53.409
956.766
430.949
956.86
293.971
574.319
204.611
442.051
736.617
105.295
557.474
759.335
810.172
365.659
640.517
490.872
597.777
249.336
842.748
61.978
708.102
471.084
792.226
170.855
400.607
845.258
26.068
544.146
217.661
693.582
704.616
467.084
383.309
844.561
671.051
344.345
140.698
521.31
49.649
746.064
448.113
13.51
867.454
954.129
723.657
413.764
838.595
227.277
9.282
668.754
35.028
402.924
788.222
116.824
946.188
181.022
884.648
697.43
398.938
304.864
744.341
837.615
4.205
63.268
712.425
751.438
721.302
735.62
199.134
249.143
225.14
336.91
111.581
607.834
832.297
999.989
615.682
183.445
5.758
522.746
785.339
925.324
673.784
105.088
362.524
410.474
874.156
175.097
623.894
782.222
715.283
478.012
326.192
857.993
453.543
780.128
164.838
660.529
339.109
281.46
654.959
684.11
469.19
227.965
169.617
699.557
466.396
526.791
370.81
949.209
415.266
546.058
693.301
639.345
415.816
242.45
243.604
867.718
253.52
775.641
293.517
485.754
103.894
526.29
259.782
266.344
46.056
897.522
579.417
314.288
34.972
869.191
149.901
794.798
323.221
819.099
455.107
344.269
547.698
195.343
715.993
627.074
173.582
774.853
737.617
619.792
920.898
865.89
496.665
681.657
712.206
632.909
144.783
741.054
410.781
360.59
271.29
296.645
904.006
216.555
632.296
39.649
92.09
819.195
55.903
409.272
121.484
332.272
784.205
676.27
544.378
378.225
407.887
84.783
17.231
727.873
56.094
546.673
209.228
46.021
724.873
795.886
664.76
713.513
88.675
681.232
908.301
934.98
464.477
947.818
782.126
929.821
951.697
153.287
313.185
519.853
876.001
797.071
451.968
996.717
970.027
301.232
184.026
826.611
492.785
953.115
31.785
792.83
694.477
331.328
201.405
734.337
94.205
723.928
93.163
435.028
694.33
179.558
71.849
784.941
252.536
382.19
968.67
649.939
217.602
421.48
881.185
408.929
861.883
765.521
302.731
773.53
907.089
32.363
95.838
399.488
152.559
122.198
520.316
635.212
107.231
614.872
557.634
484.425
228.665
429.868
635.243
561.826
105.076
117.379
109.461
888.845
892.154
378.812
307.914
964.016
379.303
760.826
425.315
238.392
760.673
998.558
988.688
332.468
845.475
752.577
772.452
204.032
747.965
38.593
739.297
18.18
318.103
775.621
815.084
38.254
209.65
283.332
481.978
711.247
58.592
490.433
446.111
86.563
506.692
152.286
359.897
211.233
922.976
732.473
642.903
321.794
664.356
233.308
755.614
128.378
344.768
516.802
385.68
900.75
158.027
331.03
575.025
333.932
670.881
79.087
378.846
756.548
638.59
41.405
432.335
593.814
936.835
804.221
319.061
77.827
915.101
592.749
992.103
75.684
628.012
970.736
400.836
354.507
943.226
763.491
815.473
880.291
717.508
87.731
985.522
598.674
392.482
390.688
542.285
310.999
128.209
71.979
6.967
548.905
484.022
879.605
69.701
25.901
189.694
678.267
192.075
907.584
191.283
674.009
17.865
360.272
337.868
158.631
104.485
970.136
97.171
119.295
659.274
21.546
885.199
875.45
261.111
230.294
419.572
706.536
668.276
170.115
736.717
284.839
402.569
168.79
209.255
243.546
148.857
185.328
970.357
716.182
180.622
185.177
415.994
19.902
634.941
39.239
359.712
209.212
237.289
62.984
632.256
721.217
159.267
71.198
771.829
899.311
366.44
306.543
671.851
642.802
493.774
703.088
71.9
245.496
868.129
810.163
77.413
356.207
608.735
801.785
50.781
105.339
218.141
19.694
449.143
395.009
74.106
40.25
808.003
951.352
202.07
409.848
984.241
929.117
690.51
158.272
751.885
849.285
378.043
53.038
38.421
601.817
673.991
943.392
753.387
84.769
712.425
461.71
27.578
753.737
804.551
638.12
715.495
601.746
846.601
557.8
183.47
283.518
832.934
458.052
726.408
923.856
208.248
19.451
226.216
332.221
828.879
950.236
38.7
330.205
79.009
162.936
536.514
176.095
104.544
109.918
550.943
717.008
108.27
116.839
990.815
924.485
824.659
717.786
867.332
536.81
199.283
714.563
287.317
849.096
474.879
511.817
124.512
893.323
327.997
954.757
240.867
378.824
892.279
191.601
558.642
188.155
784.108
121.239
458.369
946.1
919.625
432.432
526.503
112.901
479.614
699.263
855.187
912.313
77.808
684.749
407.319
103.508
476.376
354.36
391.174
792.752
232.427
774.549
82.706
186.443
310.849
270.166
38.979
84.671
316.22
687.948
405.234
936.487
471.606
333.013
487.019
831.188
960.02
726.739
97.435
431.264
347.537
57.344
776.527
54.877
545.54
646.189
318.982
145.949
735.927
200.605
701.257
154.878
627.472
165.646
736.69
675.339
922.676
676.061
360.443
40.85
328.234
424.643
614.134
556.816
886.0
699.241
346.441
623.188
580.242
127.744
961.931
450.074
193.204
525.129
417.449
816.718
707.549
50.23
207.085
859.848
479.5
564.419
268.513
539.643
370.245
614.975
869.343
566.014
887.795
676.382
316.382
425.05
177.268
342.527
232.837
150.177
229.241
930.412
306.227
21.465
573.959
822.783
780.822
222.219
407.585
143.727
913.518
194.881
32.473
946.102
869.853
671.52
776.755
654.956
516.788
89.326
510.882
746.743
729.23
345.752
702.232
936.991
909.519
948.73
792.371
193.555
703.053
244.303
795.618
828.432
998.923
475.891
666.04
168.94
708.503
552.177
384.749
930.654
666.995
860.012
974.366
780.007
740.722
134.729
362.444
251.627
914.949
564.74
622.147
687.484
540.865
584.862
56.175
524.417
666.974
434.423
434.899
499.048
318.579
903.406
662.599
470.327
274.357
795.419
594.288
808.415
514.68
263.416
271.484
612.831
97.681
528.461
811.821
818.986
828.806
787.491
53.724
203.53
594.084
282.393
107.263
128.796
245.142
46.545
220.365
330.138
625.179
505.969
80.088
797.764
97.197
563.264
25.338
455.165
133.162
9.706
859.979
858.269
788.566
332.299
608.684
112.112
135.754
247.842
673.393
518.493
898.502
75.03
63.013
467.211
80.577
108.141
755.469
86.101
939.982
408.681
297.544
718.51
29.196
205.082
100.054
509.856
560.152
803.027
742.423
833.963
962.487
265.089
919.567
808.599
314.276
404.789
647.805
159.157
41.911
249.097
904.209
812.764
191.432
53.844
41.365
6.475
47.682
408.319
972.298
800.347
292.606
145.402
232.475
668.555
704.33
554.673
319.835
828.442
138.247
526.579
518.58
70.586
331.429
6.511
888.489
556.71
248.395
113.191
236.387
699.476
426.508
716.367
947.901
349.623
509.057
141.317
456.607
283.79
502.257
298.291
497.502
100.938
753.367
9.625
940.98
489.19
908.074
369.715
767.168
211.975
759.483
862.743
901.281
607.591
638.917
886.311
253.172
570.484
90.448
149.036
831.5
98.174
143.484
239.897
690.306
129.98
423.474
88.503
695.068
601.018
644.114
11.788
532.872
677.491
527.093
470.474
320.215
205.915
66.548
432.021
933.831
335.53
130.959
72.791
884.678
395.74
969.094
919.802
419.904
196.56
476.851
476.659
828.711
317.596
133.804
467.803
327.557
889.6
968.387
884.323
462.861
640.227
474.336
487.224
822.274
597.326
268.974
714.11
917.108
195.822
957.911
92.631
281.455
868.908
430.616
546.537
700.27
145.034
472.932
960.219
815.861
249.48
864.577
432.197
552.504
116.111
486.786
609.815
229.126
550.518
546.419
906.549
885.742
709.03
371.204
367.678
107.278
681.746
676.784
663.047
197.17
811.777
223.353
353.104
645.028
940.483
499.819
758.543
343.128
756.862
283.72
623.171
474.506
878.925
779.53
247.306
653.818
109.652
640.607
2.505
342.383
560.245
45.359
289.874
88.351
148.165
400.768
611.994
45.851
303.007
613.984
252.783
799.133
25.362
962.809
490.261
26.411
883.102
604.921
454.478
588.068
966.751
717.318
299.769
975.712
854.995
290.041
400.929
664.011
769.03
699.368
965.465
578.937
491.154
372.454
315.25
916.068
293.56
359.662
294.824
93.14
747.005
584.46
265.476
965.98
200.167
231.588
451.573
937.89
825.009
432.635
319.471
242.425
606.253
289.519
608.02
551.744
415.239
886.753
716.25
910.504
91.078
56.667
1.381
339.759
306.054
479.483
761.598
197.136
968.547
365.293
302.773
699.158
503.778
914.166
167.343
4.549
846.378
357.301
181.809
922.858
188.911
484.164
108.653
462.898
613.704
900.339
300.367
46.484
737.069
515.436
262.67
195.808
335.508
40.776
597.1
67.594
878.267
339.633
650.398
760.475
113.971
193.919
353.203
563.319
868.112
567.217
343.208
809.332
97.274
378.721
604.153
828.205
156.87
978.09
601.765
268.403
992.964
778.238
705.934
716.127
509.591
470.503
92.744
478.85
206.622
193.937
875.615
985.959
67.485
486.51
852.124
426.84
915.965
589.731
674.527
500.629
983.775
567.653
327.25
655.21
101.082
589.083
509.96
999.425
521.487
212.745
534.112
990.893
720.057
723.043
606.374
600.315
705.863
723.026
943.383
909.692
716.958
357.008
682.401
429.316
112.021
74.518
724.037
174.262
892.815
486.361
416.429
818.973
724.455
301.432
119.939
248.662
211.367
639.343
746.48
120.527
671.004
233.258
769.164
559.234
340.942
670.82
642.363
371.767
31.815
451.229
97.35
890.213
286.623
629.463
949.857
443.312
754.33
247.974
922.778
338.958
547.368
505.57
446.193
279.15
750.967
368.456
194.231
542.893
330.283
234.513
49.762
401.663
249.638
986.602
336.565
297.854
391.889
775.174
912.835
634.945
721.427
319.734
735.926
113.652
559.724
393.527
693.562
598.187
558.029
72.597
49.853
217.968
336.934
941.656
941.808
797.425
797.737
467.332
721.601
591.443
116.886
925.06
988.346
383.962
347.646
27.127
834.581
916.446
946.863
484.406
449.804
298.267
386.49
744.267
901.711
991.602
479.316
901.362
243.034
455.788
511.236
691.21
365.77
165.83
986.146
360.776
730.799
589.639
235.839
390.283
32.884
287.539
228.292
545.631
797.07
251.687
671.225
464.906
709.45
411.93
389.208
129.031
982.941
880.946
129.012
256.297
290.563
236.399
400.955
402.128
974.939
143.1
643.825
102.491
615.665
454.76
673.046
900.149
534.142
333.871
640.96
60.564
416.245
325.86
480.331
897.048
122.468
26.639
245.355
299.944
732.31
780.606
11.318
791.479
711.13
936.229
662.507
642.054
619.914
93.088
113.247
773.546
346.471
742.453
137.377
343.476
237.955
801.078
945.464
177.453
587.271
593.233
155.781
45.177
901.054
311.389
699.051
377.744
946.122
545.352
643.64
638.254
12.523
485.336
55.287
679.953
402.684
765.144
278.465
650.341
904.816
304.819
717.953
866.067
346.189
544.308
628.038
642.31
725.121
271.378
280.245
196.86
288.888
524.686
282.827
451.859
290.915
471.958
541.32
580.98
819.797
240.149
951.405
193.47
776.204
80.054
285.552
871.022
738.162
755.133
686.546
892.653
73.85
901.13
575.276
940.596
907.967
758.177
77.661
549.429
602.879
199.886
221.506
462.414
955.551
146.492
495.194
238.486
973.313
312.877
79.162
697.64
329.86
613.623
258.912
887.669
233.693
462.39
349.854
863.123
968.176
823.465
533.495
262.829
250.175
459.26
461.244
955.8
425.885
228.13
219.226
188.998
408.902
920.154
701.164
863.301
817.401
406.883
260.694
891.57
624.856
503.922
946.409
187.026
19.981
197.736
645.277
410.507
941.073
260.484
493.515
15.442
166.805
329.903
338.892
511.379
453.063
392.678
271.95
514.09
616.547
222.964
351.384
841.889
243.698
76.83
37.557
258.885
320.737
386.326
964.525
537.506
260.752
921.781
520.991
963.506
241.04
376.627
655.203
708.633
992.041
11.381
789.899
161.357
622.978
159.991
457.971
27.742
858.53
93.45
495.147
698.885
89.019
274.229
552.164
900.807
323.07
105.369
910.796
896.652
784.065
697.13
371.759
732.926
961.042
233.522
623.487
126.603
455.173
30.289
603.316
131.05
611.163
456.762
456.747
737.515
458.165
304.005
829.84
538.731
251.362
713.928
274.956
749.724
488.555
828.79
557.384
126.007
986.493
384.694
253.702
619.445
545.682
499.298
70.8
594.804
546.609
38.297
894.187
871.496
875.043
857.622
153.727
701.853
556.963
449.85
199.321
31.991
939.705
621.687
51.505
411.003
881.837
500.479
893.832
658.733
33.067
570.69
25.97
473.829
852.653
75.78
60.068
457.911
793.939
191.229
758.384
168.769
223.222
981.854
777.871
132.465
638.474
725.981
66.765
555.943
161.04
305.006
67.203
594.977
948.934
682.505
647.894
589.644
194.664
891.873
738.12
621.001
403.129
768.665
754.804
521.213
907.954
655.058
289.655
430.125
567.333
425.875
752.981
814.66
195.617
420.479
351.313
619.531
312.56
371.204
178.751
347.739
33.659
336.095
388.207
843.585
328.33
137.195
837.53
740.827
954.972
74.463
419.382
628.794
733.413
248.36
575.42
28.728
1.128
439.544
600.554
489.537
741.467
672.54
915.757
439.178
419.225
237.284
11.682
522.422
819.311
683.769
994.081
374.595
762.572
415.985
893.368
730.401
845.942
787.822
411.366
769.072
701.029
683.841
571.242
128.132
417.558
911.522
609.185
949.844
620.883
144.222
260.773
125.001
2.513
448.818
45.798
953.703
438.729
71.453
412.101
391.082
907.224
617.761
888.605
308.95
866.462
594.653
928.612
17.218
635.99
442.775
461.759
514.318
318.375
552.161
21.865
984.165
368.147
652.397
332.788
196.197
621.281
824.722
274.623
33.991
886.083
74.936
674.036
262.71
982.435
417.334
760.677
359.042
455.727
53.447
721.523
16.105
783.58
162.684
316.037
374.091
548.321
456.514
300.054
178.49
563.457
717.543
804.128
968.789
251.826
518.23
448.52
75.753
669.996
580.095
47.137
115.516
937.67
341.533
617.412
615.832
984.597
255.503
387.727
2.017
874.398
343.143
187.112
845.113
98.895
832.331
900.103
503.936
918.296
987.202
969.096
717.283
684.566
450.333
739.375
658.364
553.21
925.742
281.294
309.276
842.576
311.793
613.498
461.616
276.236
590.305
57.231
130.372
878.973
504.184
472.149
369.329
284.165
745.134
508.693
104.212
212.883
227.065
577.971
468.241
854.005
719.488
978.685
298.802
38.396
910.054
604.716
198.916
909.492
573.853
927.745
155.801
263.986
273.044
225.305
868.139
943.425
231.725
737.036
660.689
739.79
618.423
993.09
364.506
154.97
500.904
673.256
730.149
648.856
922.362
481.719
746.329
102.588
984.846
840.22
382.057
452.424
385.803
421.855
768.188
263.133
924.746
529.975
455.237
278.858
687.656
748.326
689.774
490.986
754.64
968.957
721.417
521.994
967.798
5.663
436.382
241.064
993.232
668.197
416.307
789.208
941.882
434.437
971.914
716.85
830.732
305.179
850.849
382.546
566.614
286.375
930.839
965.087
979.108
356.299
539.558
240.703
824.5
583.748
971.828
186.542
875.761
10.483
457.52
792.027
817.421
720.732
234.972
582.89
178.685
239.085
758.308
61.716
655.802
930.874
630.548
383.557
198.229
926.224
592.311
806.505
413.36
285.842
69.184
775.055
793.629
775.121
444.012
983.587
811.273
483.916
21.901
500.857
453.309
659.41
954.094
855.735
445.274
821.712
66.335
270.092
375.69
516.717
128.395
910.561
385.426
583.314
331.826
435.685
438.829
926.422
209.757
640.364
202.015
225.181
795.66
790.565
617.531
54.88
984.457
694.055
19.361
360.087
504.85
358.513
823.489
856.095
910.222
71.393
605.408
613.116
990.779
50.847
98.714
148.716
197.284
783.1
216.19
58.843
795.641
654.546
105.253
95.584
948.356
432.864
696.135
804.434
822.604
862.067
266.381
132.135
760.427
572.894
844.833
248.205
839.654
758.825
181.98
331.708
753.404
280.713
440.677
651.2
1.398
621.339
885.588
586.493
141.29
426.249
821.77
703.561
119.805
584.014
618.129
4.907
354.396
949.375
350.469
104.031
511.329
835.223
537.162
511.492
938.792
981.125
990.924
305.923
93.961
611.361
206.97
66.746
198.55
611.15
650.868
858.483
357.317
808.923
312.305
650.983
659.576
545.14
620.712
589.575
528.967
938.423
336.397
188.841
301.762
881.776
525.668
792.137
598.826
342.813
753.175
493.119
66.814
366.222
136.814
700.643
755.573
254.435
54.701
317.515
92.293
36.293
889.507
880.646
289.441
687.709
934.105
197.888
210.643
954.353
991.509
808.955
576.466
410.792
821.212
163.08
235.062
656.346
358.982
880.935
633.704
429.795
471.587
111.221
79.848
1.955
505.033
105.316
867.101
760.086
206.684
660.816
569.513
605.526
35.471
916.601
591.984
758.636
707.879
1.373
317.625
327.089
104.102
135.987
359.502
907.13
653.69
175.546
283.111
497.613
493.814
327.507
595.953
782.332
525.968
667.645
904.651
893.929
203.488
903.177
212.845
761.637
383.762
665.037
951.796
886.165
790.547
35.333
836.121
780.985
324.88
464.995
210.318
400.301
576.539
802.96
880.84
948.175
378.083
48.92
324.579
308.976
311.02
948.726
455.794
89.829
197.569
246.695
216.616
702.998
866.0
466.81
605.074
560.986
261.543
397.349
411.475
221.914
197.98
750.859
224.585
393.976
513.02
786.267
314.905
12.901
795.265
220.512
278.735
217.037
452.194
184.034
713.283
199.648
899.453
847.314
462.455
613.582
457.59
448.995
236.007
814.4
718.089
528.886
802.412
803.508
603.525
537.803
809.046
958.454
556.971
46.557
730.765
481.141
503.022
15.791
398.105
997.968
116.234
280.538
662.174
992.351
180.487
765.796
940.807
73.793
815.014
519.652
703.847
726.208
968.458
1.449
139.293
673.824
75.813
364.575
271.218
214.739
841.151
246.525
243.717
122.398
741.933
315.574
114.463
381.161
127.599
38.398
393.788
169.161
622.254
848.196
403.917
437.821
339.056
513.572
810.376
316.179
520.123
5.429
985.468
66.584
944.785
946.346
692.503
856.766
225.989
5.854
330.906
795.904
297.357
503.707
574.166
155.038
36.443
677.301
87.677
295.033
212.271
756.073
797.416
500.288
403.491
59.425
933.986
527.049
391.201
82.026
478.992
474.467
568.881
480.464
733.397
428.522
999.088
947.394
952.061
661.645
712.51
66.783
853.491
199.36
635.845
660.413
642.105
767.145
308.139
501.755
801.886
407.927
914.485
754.435
571.861
550.913
867.056
85.576
623.15
255.523
386.001
851.985
780.664
134.608
174.797
429.127
626.519
203.767
204.451
294.145
808.017
499.279
468.772
94.282
502.808
73.369
746.024
544.252
65.731
632.307
61.424
460.403
938.241
537.592
426.038
328.006
559.453
745.022
514.607
629.998
597.533
773.838
373.193
700.294
566.801
973.152
483.056
356.383
50.109
274.624
891.955
182.424
647.395
312.525
877.95
881.716
393.9
753.611
779.032
760.102
558.888
777.013
71.616
680.239
692.189
159.622
486.491
340.827
624.74
788.887
131.422
439.226
710.298
915.228
955.302
542.47
707.969
294.837
498.23
687.877
485.819
254.388
172.074
103.4
412.196
528.041
53.105
733.462
296.546
787.098
926.496
529.879
405.415
992.361
300.11
951.884
980.276
699.448
778.331
274.944
610.024
264.31
340.078
619.568
219.567
497.127
289.526
326.411
770.385
775.909
915.602
174.425
779.664
472.407
637.925
740.418
651.931
788.543
135.56
411.227
80.522
170.007
51.748
782.981
146.548
202.607
541.471
478.182
426.09
697.353
62.542
183.13
992.35
158.434
852.496
619.744
785.208
677.64
747.681
947.42
370.683
736.09
591.395
102.615
928.081
779.672
86.373
634.929
296.619
240.036
810.882
764.886
11.989
392.951
367.7
666.564
651.915
348.4
31.124
349.41
745.58
285.725
3.518
877.975
993.923
704.86
721.07
684.809
546.397
175.872
413.731
491.297
329.689
620.3
29.792
841.243
104.919
400.056
802.107
460.616
576.455
617.858
427.421
65.601
685.934
169.671
46.031
565.679
62.974
455.43
410.12
887.487
779.334
213.668
631.596
743.393
253.858
451.063
85.528
321.949
933.207
233.609
464.205
952.032
827.48
559.034
218.569
975.161
5.155
950.597
377.505
655.638
452.459
804.302
641.899
891.903
515.377
359.572
396.4
620.922
410.7
945.403
903.17
828.058
20.7
530.654
768.597
547.708
563.915
566.458
417.319
614.785
772.689
505.508
72.314
453.302
375.921
401.547
17.351
880.34
328.269
164.679
483.572
39.38
840.785
557.108
469.243
201.512
909.69
587.432
623.928
146.627
11.461
589.362
359.964
469.82
783.273
956.2
892.088
110.943
734.965
113.423
380.756
914.979
294.387
481.835
262.366
128.599
673.473
206.551
495.201
299.743
293.16
291.193
765.424
140.935
533.638
69.315
504.475
193.847
752.051
422.925
211.418
953.536
565.558
506.713
55.29
413.43
723.433
591.594
956.88
474.898
25.073
860.708
316.596
677.505
923.159
736.856
65.985
828.674
961.837
770.467
645.713
563.231
517.439
364.132
752.018
107.857
993.146
578.322
859.988
461.509
774.606
769.786
546.662
203.339
105.464
43.321
179.358
887.943
339.456
350.26
112.919
326.077
224.081
536.269
532.166
726.69
634.907
528.152
559.626
335.567
602.177
100.461
893.06
48.779
35.682
72.045
85.997
149.76
495.471
596.658
211.703
518.647
535.873
399.408
548.668
711.867
905.591
764.7
403.286
729.706
621.815
392.256
105.39
741.897
504.594
110.667
726.989
591.05
942.63
284.626
621.196
798.191
390.555
873.767
235.942
185.168
750.033
164.201
248.63
907.907
737.451
302.404
502.865
829.266
432.064
340.803
95.147
851.902
638.716
366.195
767.279
223.193
816.524
791.798
343.532
68.768
820.668
453.078
879.092
880.21
419.684
527.108
408.672
289.406
879.429
702.568
835.283
531.18
965.802
423.577
376.184
671.571
345.614
569.921
665.313
841.72
94.631
788.981
836.958
780.55
91.698
6.366
943.506
60.889
438.093
960.257
175.454
283.569
767.236
70.266
550.581
844.267
354.793
354.778
992.491
940.365
958.615
386.805
309.171
654.758
733.61
725.472
986.983
796.746
518.863
470.435
934.272
579.482
374.191
945.471
210.604
75.353
126.021
181.332
623.71
90.885
912.516
908.541
701.497
788.444
563.107
198.641
396.433
744.444
236.506
427.691
116.441
722.669
796.69
442.966
350.117
398.942
251.822
424.548
717.681
738.045
79.377
806.93
204.629
536.842
593.844
796.891
141.211
43.689
254.851
924.486
635.295
893.645
183.376
82.26
907.574
919.579
564.282
684.997
989.137
936.546
336.371
959.456
511.536
370.558
890.63
617.512
799.15
94.893
10.692
746.052
986.491
439.604
43.356
259.535
219.873
881.989
844.119
261.947
228.388
854.486
782.649
708.778
656.786
554.682
742.051
304.237
162.03
887.49
364.593
669.693
434.029
64.155
27.301
135.927
723.773
310.49
362.105
713.207
814.897
106.329
306.5
733.85
267.735
254.264
326.033
159.642
515.424
612.866
109.092
221.153
530.895
46.335
577.642
338.135
400.405
683.812
992.794
230.003
407.612
117.552
262.024
468.266
18.185
782.565
657.533
775.646
774.529
446.504
565.731
22.174
555.212
498.756
843.356
698.188
969.756
838.119
298.546
90.418
226.928
352.939
912.067
862.569
916.433
12.342
778.451
87.897
900.52
173.721
507.751
524.108
469.966
952.004
14.786
797.847
167.126
929.671
635.177
529.617
854.268
370.048
562.833
877.459
967.556
696.396
509.718
419.214
759.216
763.552
26.638
483.06
391.53
575.59
181.814
703.018
341.304
60.594
371.503
623.533
360.748
35.337
999.513
13.828
832.484
420.861
524.046
828.682
741.204
966.041
231.973
261.928
771.544
687.133
682.459
418.403
666.007
269.175
858.235
776.515
58.725
520.942
75.125
39.922
97.994
743.118
217.274
20.915
88.734
173.306
235.579
395.827
382.85
378.653
335.863
473.882
734.413
342.956
242.786
747.013
731.935
819.487
665.583
104.442
712.818
21.29
505.617
242.911
891.758
321.863
32.271
276.9
684.281
331.872
138.212
956.855
219.087
700.747
776.096
999.205
793.077
755.109
629.04
838.17
321.618
206.57
236.602
562.034
317.009
79.979
9.513
879.8
453.359
356.716
699.755
753.984
453.0
588.911
124.201
465.505
141.157
281.507
913.176
751.538
886.669
538.803
872.205
198.369
495.759
653.884
599.338
467.198
390.918
66.622
20.071
473.886
727.001
519.368
777.069
488.893
754.927
541.99
985.966
712.917
32.614
757.897
575.591
826.319
830.432
548.737
68.821
41.58
682.189
784.862
869.85
169.891
746.907
891.036
993.898
325.344
706.848
304.061
532.84
38.973
122.46
343.217
145.757
86.528
493.352
598.136
292.679
586.079
294.115
513.42
887.979
620.291
453.081
980.067
596.752
535.389
263.522
382.019
123.38
510.773
247.174
642.648
115.638
83.811
514.412
334.75
94.369
177.212
882.645
132.788
317.201
735.015
855.858
327.341
843.139
191.874
694.76
257.954
273.762
494.36
930.771
193.574
578.075
183.248
301.477
893.765
129.931
792.154
74.348
653.503
862.345
364.092
394.325
618.384
804.31
830.734
265.931
563.949
618.723
687.528
966.802
990.096
640.331
268.888
80.215
458.668
940.471
922.425
419.852
983.123
771.488
741.338
236.561
328.073
200.198
903.641
557.259
200.391
638.942
740.346
737.54
711.904
66.504
233.565
640.823
620.002
608.718
315.025
569.95
876.986
927.265
601.384
683.212
425.253
365.279
519.087
554.463
834.669
170.16
550.6
373.461
75.193
687.766
211.529
572.417
646.484
356.071
532.12
6.274
117.891
380.326
283.848
212.377
442.358
56.872
947.898
451.855
305.434
781.913
227.835
992.249
590.528
491.751
66.897
579.778
257.004
682.749
745.728
921.909
228.348
509.344
784.02
149.965
8.353
910.484
41.783
584.534
561.412
820.444
848.41
78.417
400.795
510.017
878.374
717.748
389.624
211.019
393.288
550.719
84.024
672.226
377.571
758.954
177.991
654.537
893.627
429.824
220.505
160.97
681.306
652.256
534.959
415.596
594.216
660.051
207.184
605.245
895.131
844.42
144.456
842.392
91.227
250.825
224.259
915.377
354.732
354.004
419.472
665.094
674.699
467.789
684.897
517.641
332.647
598.765
962.271
56.189
503.841
35.273
684.831
49.168
731.91
982.388
840.937
962.71
954.572
24.894
943.571
954.451
394.158
203.282
106.694
1.332
247.357
749.66
786.468
350.087
499.34
379.115
48.475
46.088
619.651
426.896
817.788
500.214
945.238
587.914
699.263
195.449
604.522
95.604
859.431
636.988
47.179
491.855
996.743
948.348
445.277
36.342
53.243
627.35
857.68
180.757
328.696
413.142
562.528
34.146
495.89
593.443
430.313
145.066
117.553
426.828
309.993
208.623
556.855
829.035
454.738
538.59
727.032
786.577
209.445
631.761
969.791
304.48
453.296
846.749
619.638
78.114
463.874
72.574
994.171
899.875
411.893
811.98
99.574
719.636
355.816
165.954
869.936
441.967
2.572
693.182
212.052
894.83
905.523
335.718
325.015
878.394
959.19
23.927
846.14
374.487
425.032
431.42
496.456
65.332
441.122
389.897
861.314
871.781
900.074
138.25
15.182
775.99
581.337
670.113
986.08
177.935
890.607
413.4
691.918
501.583
398.003
501.805
848.786
675.484
185.945
745.744
89.769
288.512
581.595
256.177
767.548
473.847
418.797
816.874
84.028
6.546
214.144
11.069
741.998
486.38
588.943
405.721
698.967
443.741
241.187
358.803
465.576
412.071
354.244
919.511
471.507
186.001
534.071
206.393
50.225
815.952
934.535
627.139
851.833
515.466
406.29
142.937
143.512
732.461
217.767
193.805
489.677
478.744
102.616
974.014
833.783
47.033
586.581
597.916
170.617
919.999
221.17
466.671
122.579
712.439
253.613
78.693
528.658
489.338
75.769
893.574
77.347
42.355
53.355
284.334
468.458
698.609
662.459
826.71
67.759
878.685
22.669
967.581
304.058
185.714
697.058
8.504
975.785
289.074
216.817
441.508
542.869
916.028
732.502
720.39
771.325
882.167
39.293
134.08
420.555
623.511
238.752
66.109
368.669
707.4
265.228
644.628
255.177
52.95
671.712
638.111
55.561
906.766
193.324
252.493
32.135
228.157
915.505
692.233
74.26
737.878
97.887
588.162
394.52
912.446
975.817
55.89
428.836
705.451
724.107
137.211
185.422
886.405
831.273
356.27
732.654
655.144
285.509
131.806
138.213
844.868
501.637
600.781
667.497
290.656
782.903
494.155
841.618
653.021
595.943
746.448
217.555
882.55
736.637
465.531
314.85
416.015
879.201
161.648
635.137
894.114
860.155
686.553
831.16
296.626
668.917
672.949
662.622
81.763
88.559
497.298
313.359
998.707
705.963
62.009
314.972
365.806
666.663
416.536
427.805
979.832
768.905
316.913
156.385
31.141
777.472
652.804
647.465
111.626
592.641
623.039
183.531
249.611
49.802
523.315
711.898
549.217
434.858
296.67
377.177
742.768
38.828
306.502
516.062
341.131
241.755
82.711
194.926
183.894
815.077
358.137
706.126
821.724
938.991
18.025
471.065
499.066
664.456
648.027
98.762
765.897
618.398
448.929
2.785
866.049
561.902
424.38
820.964
432.335
123.478
77.935
938.925
937.069
321.66
344.888
745.724
13.26
37.134
56.345
643.05
101.03
767.19
142.608
509.507
522.622
801.356
592.916
917.893
555.062
131.851
669.942
240.509
598.322
391.772
799.054
839.207
974.899
777.492
593.012
756.191
6.88
673.988
138.622
508.905
584.586
242.806
987.347
539.025
399.762
74.634
376.44
326.631
285.81
43.211
856.083
914.321
325.504
550.957
236.099
237.249
365.351
883.753
402.605
633.702
76.34
264.253
748.19
919.493
81.698
881.685
941.693
186.229
812.717
767.79
100.169
62.579
485.458
113.438
909.019
643.115
807.137
402.5
618.817
427.824
927.797
383.227
319.416
336.231
418.841
527.596
992.744
251.38
4.227
493.375
554.71
369.744
968.791
439.501
496.693
978.632
725.688
11.525
487.625
456.651
88.0
174.827
409.985
905.056
42.616
823.332
848.679
689.326
80.881
139.203
440.682
30.834
696.247
106.574
499.156
37.487
305.758
694.893
753.816
431.051
453.779
396.582
412.411
578.176
335.68
553.212
499.6
857.345
211.933
875.957
683.287
758.762
428.123
417.822
235.698
981.917
446.297
469.665
178.426
362.281
803.275
470.379
714.035
46.308
574.115
397.619
757.276
728.99
240.904
778.057
32.856
129.684
915.379
701.215
56.691
578.7
622.632
907.728
682.728
621.358
701.387
979.953
155.914
309.766
242.038
996.592
419.433
903.124
591.344
152.628
590.871
665.603
857.826
585.949
642.593
879.657
1.905
335.882
809.612
635.614
206.359
818.811
388.7
220.0
801.544
916.986
850.751
857.294
915.798
291.116
723.568
885.318
502.32
364.308
574.385
474.103
311.326
169.37
198.266
423.04
878.475
322.272
254.68
15.492
221.674
105.0
212.316
825.55
532.082
927.927
633.143
833.519
983.069
425.865
612.069
217.026
851.054
393.255
630.821
23.816
697.323
354.862
395.872
227.363
981.238
175.884
111.277
367.227
225.068
34.298
572.247
209.09
79.815
207.571
918.259
807.956
65.469
83.565
158.364
281.658
116.145
31.492
476.72
969.418
480.279
33.347
259.893
631.044
197.85
553.524
721.306
917.583
284.022
991.887
797.054
894.947
125.6
12.321
433.793
954.494
824.44
361.29
467.505
516.579
511.832
545.612
415.226
924.261
382.33
987.056
403.204
289.272
120.525
576.946
208.457
626.629
303.837
682.384
568.361
506.699
759.659
201.876
103.298
649.469
152.536
813.836
932.918
595.958
280.332
533.648
945.639
891.34
90.546
881.894
265.416
202.29
509.868
423.012
961.656
899.678
941.398
153.322
136.345
693.894
639.455
750.514
132.581
921.77
141.512
40.334
882.49
474.497
25.221
291.532
963.618
634.266
658.006
569.107
761.806
51.553
986.092
984.993
347.032
257.507
88.078
721.142
898.922
272.997
889.495
195.09
794.011
309.28
246.524
171.811
910.635
298.36
718.119
840.209
808.945
399.625
652.445
981.396
824.55
308.459
330.591
105.403
645.924
230.653
916.966
951.032
125.059
543.818
221.464
580.082
930.318
186.231
614.051
967.872
287.684
342.025
960.321
700.339
615.189
687.591
980.561
867.682
521.006
390.235
783.532
142.098
514.32
942.474
840.052
229.807
437.931
336.11
253.526
809.287
371.338
318.428
709.219
168.435
990.151
42.495
247.43
123.486
50.949
754.113
285.462
671.097
226.797
89.216
437.048
256.503
634.351
680.282
860.09
86.764
105.792
80.009
624.043
720.506
174.264
4.276
355.871
995.9
490.284
595.396
630.929
356.11
55.993
444.779
594.598
588.787
334.132
155.715
291.341
303.474
831.956
800.985
473.22
752.364
720.537
502.48
262.45
939.788
648.025
322.152
650.45
878.265
259.149
445.467
910.397
435.755
41.043
203.92
191.576
485.171
251.983
776.401
861.523
476.659
86.344
536.357
147.177
18.918
656.903
154.61
815.322
902.58
139.284
314.909
13.411
518.129
520.671
897.056
955.889
809.202
767.017
906.034
905.769
35.445
77.048
763.807
477.487
93.296
40.336
517.575
540.569
437.985
405.692
645.107
859.559
429.421
191.887
356.036
172.798
655.665
439.416
98.857
379.346
93.51
715.995
748.724
841.748
852.749
99.975
19.632
478.564
251.618
198.036
163.119
620.848
427.214
152.428
902.541
279.4
684.256
389.155
624.64
993.157
28.464
680.696
474.886
448.842
773.916
434.173
165.385
98.004
691.689
55.045
629.841
767.139
975.329
401.008
183.231
986.574
221.38
759.043
951.235
982.544
872.142
410.02
841.717
983.357
566.457
2.222
605.792
593.068
290.397
663.963
905.462
412.423
544.097
231.316
185.423
431.155
516.984
578.334
418.576
545.287
415.099
443.863
576.621
398.384
366.667
459.547
240.276
321.792
80.642
602.72
188.342
949.85
140.156
590.678
604.017
822.488
794.642
495.774
19.673
299.766
936.686
69.976
734.401
292.248
966.907
425.448
296.865
596.562
736.288
800.012
4.535
594.584
475.588
755.827
211.275
603.817
747.65
69.14
822.356
893.791
309.851
667.881
500.535
218.735
899.828
177.297
573.141
482.042
770.195
627.814
630.91
539.388
938.063
186.779
296.189
449.741
63.458
472.44
858.055
365.103
209.508
525.198
685.019
617.969
173.333
292.211
786.312
429.992
599.009
745.244
376.587
720.759
140.96
440.993
107.82
168.365
949.655
841.359
167.629
961.8
761.298
879.114
539.162
499.126
620.556
154.971
313.196
225.431
220.044
788.561
695.607
445.495
153.027
561.585
979.991
231.665
864.27
270.474
319.679
805.067
8.894
203.091
858.246
578.791
350.886
444.546
464.722
917.631
743.668
783.522
577.99
257.312
390.378
220.96
511.57
830.812
343.995
352.579
407.338
978.414
30.312
257.467
83.701
768.617
187.098
757.447
761.961
356.291
307.303
977.469
185.457
697.436
262.671
730.063
939.068
321.628
254.516
848.095
677.023
427.352
653.949
419.874
26.829
331.728
618.711
348.876
249.39
469.337
40.02
643.055
112.056
864.763
734.944
350.174
243.355
880.571
298.038
240.09
114.363
954.149
498.482
277.852
449.43
990.781
97.67
260.55
704.081
521.814
952.419
636.311
949.175
588.813
856.556
40.498
376.254
236.058
708.319
127.537
501.262
791.979
46.096
182.005
642.747
295.704
130.271
388.8
766.348
730.533
128.604
934.024
223.284
739.313
58.327
611.138
251.515
758.855
200.863
881.01
626.79
733.606
591.408
611.829
951.793
560.598
487.069
500.438
674.802
168.215
779.435
130.244
94.636
36.272
598.986
479.311
70.389
936.535
508.379
590.702
693.709
324.645
484.22
712.956
985.678
351.502
932.521
65.148
42.861
613.292
610.302
176.24
649.473
752.318
42.331
313.947
344.16
801.11
81.511
683.293
328.457
857.685
628.906
817.494
850.361
134.8
521.07
579.182
358.343
304.699
53.91
705.627
486.859
803.512
285.438
392.475
126.458
665.929
12.724
931.244
275.668
728.097
273.819
386.725
603.443
759.229
51.109
533.102
932.481
153.712
957.947
673.994
727.38
870.275
500.546
596.542
763.296
869.424
215.443
282.646
466.396
478.778
689.253
247.811
956.715
594.626
645.138
416.771
807.648
835.69
631.931
566.727
171.226
623.336
133.186
613.061
69.338
959.322
500.324
487.272
730.531
927.217
905.198
528.335
517.11
60.096
770.862
378.008
900.544
815.241
107.261
352.348
149.405
141.961
334.057
956.575
558.12
173.17
995.834
395.432
738.793
973.367
415.092
950.942
39.524
561.343
221.04
669.826
210.864
886.523
528.036
694.772
601.433
409.897
335.108
556.966
15.953
524.685
373.819
204.156
778.232
954.179
5.158
37.393
742.336
583.947
276.444
23.886
959.646
765.406
696.706
143.955
93.367
981.107
446.008
256.28
266.191
454.71
104.413
654.761
470.49
48.021
765.56
720.98
108.149
370.709
848.764
207.758
963.578
799.646
574.454
990.302
708.427
421.022
993.642
975.002
880.426
193.994
694.326
327.273
58.832
957.944
814.017
279.947
900.825
149.628
33.062
900.145
782.507
416.387
742.819
743.99
852.951
534.685
21.33
439.863
863.123
905.005
8.721
624.328
231.804
464.999
237.889
50.638
164.992
990.831
568.9
540.075
672.632
790.227
515.344
489.424
457.775
631.657
503.134
605.199
921.605
685.685
890.028
997.538
175.329
325.464
717.218
867.665
851.133
877.57
640.113
198.034
401.061
394.219
653.231
970.271
245.237
49.612
919.996
27.59
816.377
72.05
352.602
963.169
929.294
131.708
247.326
321.509
142.359
990.45
424.523
143.747
162.201
905.892
823.346
8.09
841.014
380.936
989.013
622.647
399.323
8.977
40.89
36.401
282.746
197.671
523.257
787.804
341.505
194.918
573.588
348.692
880.687
170.622
556.835
6.153
355.974
214.011
589.553
355.387
446.686
585.231
768.51
322.563
334.136
807.469
682.964
555.595
510.212
332.948
326.376
525.446
936.533
175.154
523.011
894.407
215.429
555.989
553.519
654.526
71.273
801.099
215.671
146.008
620.126
243.323
662.904
95.325
533.0
945.19
918.298
413.487
913.737
498.412
162.503
150.49
305.902
658.507
248.939
897.907
600.605
367.418
297.149
676.282
987.322
740.801
33.556
509.38
585.159
672.706
901.595
205.988
672.73
777.377
181.635
829.741
310.98
931.453
440.207
432.975
117.011
504.469
711.99
266.667
78.8
843.792
352.336
124.792
107.578
63.757
491.464
369.563
357.512
665.237
413.121
887.458
961.475
83.165
597.355
465.276
219.248
439.805
900.358
552.093
414.919
352.17
382.39
999.61
634.869
673.4
782.94
266.781
39.295
582.216
29.877
94.281
303.469
807.94
615.551
383.77
22.046
178.272
220.083
551.859
158.586
867.365
918.139
682.053
680.513
384.849
669.986
373.182
367.736
839.633
575.614
633.636
551.005
674.736
198.377
798.684
725.568
957.563
7.938
698.923
874.456
403.339
357.459
351.556
430.144
927.746
477.956
792.185
393.897
183.056
418.087
461.882
700.405
54.469
36.737
405.931
196.539
400.088
624.752
618.688
473.581
333.651
925.602
752.264
784.867
195.872
70.186
145.35
500.934
883.485
53.393
255.315
996.715
53.494
498.567
332.587
364.432
632.962
944.273
320.707
533.284
183.377
28.674
651.145
675.481
907.762
320.074
34.657
400.738
545.876
728.052
778.127
905.421
396.92
902.413
419.036
546.634
7.635
750.659
438.357
125.706
939.434
391.54
113.813
791.592
88.996
802.956
159.552
258.743
721.185
32.941
643.299
910.69
957.031
309.099
621.944
847.214
735.427
732.468
40.9
790.498
419.138
857.532
428.876
158.945
253.609
681.403
480.537
398.557
659.468
457.811
461.231
113.123
288.048
367.081
882.845
697.482
912.557
854.138
941.036
506.535
949.812
565.499
725.846
427.591
93.803
152.127
206.186
382.48
672.407
813.461
428.372
652.419
263.791
878.68
989.272
448.336
576.515
57.699
276.152
166.591
304.386
100.519
706.433
43.521
107.754
373.776
557.229
954.368
538.364
579.546
872.419
307.604
24.313
402.187
222.033
407.111
948.943
148.667
40.521
648.404
401.337
333.633
70.974
154.799
250.285
945.69
363.631
541.271
66.298
819.255
873.381
642.354
126.538
385.224
323.528
438.644
570.205
936.504
386.936
162.077
806.321
542.837
430.901
871.313
228.09
672.503
814.18
831.124
899.993
863.77
705.464
642.458
278.316
32.393
253.897
472.959
626.135
42.812
696.026
47.55
801.744
354.136
55.428
938.202
576.275
183.866
435.691
225.427
398.536
979.624
283.465
155.099
911.636
417.982
753.016
363.016
744.843
981.881
801.381
243.237
989.498
271.864
403.628
13.519
56.612
3.665
345.856
896.434
702.111
248.221
395.622
240.305
269.925
995.13
924.942
607.889
731.912
13.158
501.49
435.326
88.344
769.373
420.835
533.804
201.488
335.925
161.224
336.898
36.791
446.61
721.158
883.881
612.567
702.205
407.695
450.685
616.311
99.416
892.995
706.154
764.864
704.925
937.608
584.424
981.975
296.59
627.607
872.317
246.708
108.237
528.547
691.38
537.113
388.443
953.376
402.208
337.335
623.21
955.948
893.271
170.757
353.934
29.075
371.253
187.754
39.445
30.692
31.516
69.541
249.932
364.378
869.585
17.147
390.084
601.062
265.859
848.36
186.415
415.793
365.739
152.083
725.507
383.155
454.738
961.732
707.071
172.527
864.59
154.039
502.743
665.892
25.332
768.022
180.794
675.23
681.486
262.879
900.786
564.608
655.511
449.636
777.679
315.509
564.792
818.514
641.792
870.48
369.027
78.863
610.068
413.504
720.689
698.339
128.78
144.773
597.872
248.973
738.42
513.297
951.73
104.749
889.879
932.056
37.321
304.502
128.413
970.657
256.265
263.024
880.312
389.176
932.073
920.561
389.679
567.106
158.534
388.216
574.274
427.33
419.422
618.113
727.254
758.482
736.582
571.348
161.546
277.987
188.271
854.423
340.804
421.797
222.622
894.046
93.891
249.173
94.616
450.839
261.819
963.446
307.021
808.667
381.601
452.717
753.986
409.386
266.311
245.463
165.574
733.196
480.423
550.337
183.936
799.908
433.611
489.696
153.375
906.962
350.757
254.587
237.796
27.263
283.938
65.709
130.655
975.993
46.12
113.729
146.075
141.692
893.272
632.309
598.425
654.268
507.814
744.75
150.448
892.102
525.259
347.511
175.628
870.576
924.252
947.899
83.192
425.642
379.839
279.656
820.284
574.674
316.099
506.543
722.677
777.402
384.106
329.679
977.756
207.33
769.374
804.142
212.024
339.613
759.88
88.468
657.274
791.903
977.851
450.557
472.116
213.828
867.806
8.822
572.121
984.33
70.714
36.999
556.224
147.89
332.075
568.257
500.878
693.869
484.697
533.522
421.98
335.779
501.565
68.3
831.62
658.076
694.438
835.834
10.077
775.336
899.613
607.202
388.715
344.873
521.885
177.322
625.151
317.047
372.801
569.889
183.417
96.698
188.592
428.745
197.277
552.879
86.331
229.948
907.728
44.729
973.311
558.136
238.744
611.76
944.466
357.196
35.171
133.701
330.758
675.123
455.71
542.332
584.286
782.362
18.257
880.991
434.164
644.508
256.591
800.745
934.162
453.512
241.399
146.82
130.889
897.482
355.071
692.097
614.815
9.291
146.281
445.925
952.023
878.656
533.231
444.727
836.674
88.661
868.1
417.055
856.196
579.198
513.474
339.484
543.359
727.024
556.931
916.603
970.693
608.883
913.645
756.675
769.337
596.689
444.07
858.216
132.338
532.638
821.516
845.343
888.87
287.97
596.529
487.07
172.838
342.908
692.469
977.09
417.927
189.737
141.643
136.811
161.847
324.524
731.93
474.861
85.664
890.928
276.477
775.372
232.524
370.592
287.992
442.945
150.95
234.999
873.897
863.404
671.912
170.54
152.206
821.192
277.747
462.164
150.143
851.942
955.594
858.521
634.087
610.646
980.792
874.273
265.502
454.618
14.992
408.144
482.26
455.086
185.298
242.788
716.818
958.134
565.764
59.475
572.939
558.377
145.487
153.148
194.629
370.981
969.982
646.25
827.165
129.501
890.921
891.122
795.332
923.439
224.728
646.343
111.829
638.742
705.013
257.162
314.353
261.082
997.582
184.957
516.119
698.326
119.371
45.686
641.89
973.728
92.395
16.869
568.187
483.628
468.121
602.853
749.749
413.707
584.314
986.406
203.897
835.97
171.033
243.93
470.755
869.069
890.514
392.887
359.36
666.094
741.613
547.71
494.486
65.391
861.962
527.504
174.883
281.861
32.872
564.656
421.56
973.322
19.832
548.515
518.641
281.622
987.348
160.087
417.349
713.494
422.308
584.347
348.816
540.986
333.233
139.923
405.806
776.971
675.379
39.297
720.047
822.09
746.301
98.027
257.269
507.732
128.252
975.898
407.254
56.931
104.56
157.824
177.83
99.347
347.542
830.034
375.297
508.827
237.229
817.236
687.08
561.069
545.507
891.74
683.808
74.451
131.606
820.301
923.706
258.538
802.939
811.679
389.177
264.902
778.039
173.218
370.157
833.694
751.801
569.341
123.33
68.595
787.815
100.668
342.282
840.134
473.874
299.827
644.006
121.499
808.48
244.808
865.112
347.044
750.945
244.228
260.561
902.03
375.507
909.856
567.204
427.665
720.772
203.526
620.741
924.065
493.8
149.462
790.773
984.91
890.473
419.552
833.189
304.585
366.214
618.462
657.597
823.058
93.709
583.031
738.14
442.558
460.312
173.349
222.407
67.087
776.403
519.169
587.575
698.816
760.387
401.457
168.954
795.626
815.576
779.37
226.35
329.723
879.844
422.923
49.115
338.473
620.185
615.509
343.443
446.43
730.657
907.282
25.07
388.44
673.083
301.756
896.885
936.825
265.719
670.075
132.938
976.957
220.101
115.665
772.964
954.301
629.506
766.277
325.677
69.487
764.274
585.079
728.855
89.607
855.403
636.309
707.091
967.464
923.404
731.609
760.002
839.884
879.227
47.875
665.554
778.977
963.686
52.783
385.636
685.141
561.324
165.302
167.996
451.232
144.688
135.4
933.602
301.301
382.843
120.995
998.578
669.545
433.609
688.132
261.832
674.968
402.399
127.014
434.297
459.837
364.461
656.417
258.26
880.589
917.944
302.454
321.229
792.06
676.89
453.77
713.109
793.514
80.041
275.048
936.831
521.959
220.079
842.541
117.178
551.168
4.929
960.692
471.808
878.301
186.315
567.562
123.722
212.579
886.821
146.293
84.838
268.383
417.682
297.544
671.447
817.994
181.496
774.56
961.697
627.137
224.133
328.452
384.35
222.836
154.658
939.3
593.236
431.387
792.167
741.115
434.584
640.604
410.857
421.189
975.281
62.451
55.826
272.458
633.628
80.35
154.2
471.768
7.49
858.117
543.872
645.387
499.64
391.321
411.942
498.895
71.657
896.277
953.209
876.574
743.428
230.585
977.369
349.4
696.866
520.257
914.197
344.193
725.092
432.493
485.423
770.05
435.786
894.767
871.849
908.049
7.478
697.427
201.601
68.685
822.633
823.522
127.137
838.555
847.298
366.344
733.302
602.53
717.592
772.874
74.696
895.921
99.545
261.991
298.5
911.431
429.792
880.622
479.732
860.674
727.922
505.7
567.745
285.2
581.146
33.436
403.111
868.717
11.013
983.05
173.482
413.041
756.664
656.795
892.511
866.219
685.064
210.029
624.088
680.617
500.826
632.573
251.458
656.971
857.564
802.246
31.021
204.037
622.526
577.065
406.03
274.689
675.219
943.342
146.243
220.694
528.157
932.464
570.472
846.088
22.477
73.967
208.525
510.553
862.27
438.102
244.791
437.625
969.373
725.695
87.328
355.84
990.483
273.302
994.922
463.413
339.655
379.097
593.205
730.024
671.042
598.212
97.985
956.432
395.016
248.771
753.71
550.263
140.366
152.932
579.087
255.285
955.597
669.323
513.293
846.248
45.528
774.991
938.006
442.402
442.734
676.725
586.989
334.134
201.385
679.998
492.929
719.397
386.184
68.833
825.352
766.436
239.228
472.988
599.968
115.525
46.941
185.54
65.813
577.56
314.675
405.038
434.87
326.395
794.392
723.708
664.588
348.51
267.225
825.244
694.18
97.71
200.128
141.794
712.935
524.577
164.008
463.741
153.712
500.247
939.587
450.95
17.827
372.296
425.407
78.873
759.836
705.115
542.032
546.277
269.418
611.095
812.902
917.929
154.456
594.391
113.862
641.116
37.968
556.269
559.267
785.719
130.292
636.218
477.332
395.875
770.709
775.749
333.468
101.392
381.854
720.077
338.016
639.228
827.947
768.242
367.879
116.051
671.613
824.374
922.458
17.165
492.772
244.272
139.47
156.291
598.004
820.949
287.81
741.738
3.518
246.806
741.39
36.252
504.437
307.286
44.878
118.972
357.855
947.811
475.737
484.781
141.443
573.575
886.732
579.684
104.471
243.03
301.713
545.311
319.852
629.596
381.314
845.943
612.569
657.092
830.084
72.274
774.954
701.484
467.014
593.986
585.294
667.434
461.388
712.151
111.308
432.637
690.005
924.798
474.993
68.379
925.976
953.192
160.086
839.959
557.094
488.305
579.268
585.873
669.494
469.233
890.205
937.072
322.443
559.732
657.85
271.717
111.253
128.325
744.72
857.991
588.813
883.221
862.126
621.067
712.132
430.497
260.297
580.88
874.307
974.743
168.402
35.136
84.179
647.461
107.502
45.201
783.479
836.079
107.745
286.716
707.302
623.446
835.968
454.792
812.016
769.572
623.606
779.091
377.736
372.35
57.585
253.099
802.321
371.888
718.554
587.594
518.332
671.321
99.798
904.054
479.532
664.47
348.702
990.329
269.623
836.267
552.63
169.856
775.04
705.185
985.858
363.259
721.369
506.839
768.107
97.478
586.888
157.911
61.685
503.986
408.488
874.524
159.542
70.181
892.013
452.973
188.518
101.465
33.048
137.685
386.664
779.634
451.159
249.582
159.96
302.842
238.268
553.901
445.411
876.399
626.111
123.369
572.359
172.126
947.936
903.301
892.877
735.381
565.574
875.311
125.894
652.927
229.081
208.576
340.295
153.779
993.116
942.996
526.735
2.013
816.902
474.93
897.398
482.064
241.072
562.301
491.639
836.946
509.72
39.932
804.287
528.432
859.135
218.807
787.994
120.29
986.172
163.94
177.578
743.773
280.282
159.583
257.457
427.593
309.211
574.186
337.641
7.058
448.342
63.366
330.691
102.383
819.751
605.694
30.018
480.3
219.109
441.433
296.068
175.333
730.889
541.01
219.19
193.846
110.161
163.001
91.259
161.587
649.48
252.374
74.454
625.816
718.642
910.663
160.204
539.657
270.27
401.158
704.578
651.341
255.862
841.212
543.246
354.08
972.969
28.344
788.477
454.198
986.115
580.178
253.575
640.126
191.492
700.757
684.101
543.663
756.398
135.155
982.414
675.777
731.43
328.399
509.499
136.442
771.459
627.284
247.444
965.906
338.015
6.483
259.992
2.214
5.213
644.925
17.936
653.057
983.454
174.811
332.571
859.245
935.411
854.249
937.99
559.1
208.523
363.299
58.018
20.143
734.091
334.226
920.256
538.215
18.01
490.231
417.874
95.846
85.628
88.846
238.098
161.612
907.133
454.909
20.445
492.674
504.733
543.762
337.008
271.224
193.832
161.312
944.261
204.241
306.343
487.231
315.592
837.917
906.339
442.45
762.14
375.121
680.321
926.478
775.922
263.941
415.89
440.36
343.388
776.4
908.862
164.709
153.434
359.181
50.298
209.836
685.845
272.203
844.824
274.446
948.924
82.218
120.275
707.803
205.597
698.77
188.74
944.869
56.445
211.762
87.038
505.745
494.118
861.576
519.974
682.54
606.838
227.259
286.227
204.799
165.49
463.596
630.357
817.649
26.12
790.611
438.56
432.979
174.843
467.945
987.136
751.977
28.591
650.743
787.478
944.78
677.871
325.438
342.972
170.924
61.643
184.811
829.152
369.946
471.134
928.515
969.099
217.986
27.999
974.732
21.243
547.382
250.671
159.768
514.433
439.919
935.956
636.396
860.241
927.856
928.743
667.35
948.416
296.088
738.118
380.201
837.041
329.08
257.823
461.499
457.982
133.25
54.014
590.326
2.133
505.894
164.549
786.272
184.737
83.736
635.611
343.313
135.628
465.195
750.609
294.188
993.099
933.293
310.376
238.625
294.429
448.936
890.597
541.554
16.454
366.074
681.416
125.513
439.705
786.231
441.985
375.898
896.406
90.635
130.847
869.89
699.729
932.026
348.262
430.829
855.074
507.601
619.386
102.732
607.983
414.738
438.851
123.252
784.284
689.297
92.101
657.742
945.048
163.586
562.225
854.121
925.614
170.179
244.648
295.382
817.519
799.161
681.365
642.427
880.623
477.603
482.292
351.033
870.246
173.629
450.892
465.36
260.034
846.685
457.286
46.987
972.778
407.524
556.125
869.19
407.401
439.078
418.415
638.124
368.114
828.249
428.815
393.042
513.283
675.688
761.887
139.356
563.044
716.639
552.932
486.717
496.034
409.603
898.193
954.839
882.589
932.244
871.72
935.571
400.66
38.183
657.442
985.36
154.527
661.154
692.884
834.77
785.47
566.016
225.953
676.817
914.398
78.63
472.008
876.73
83.172
743.043
966.136
631.737
100.272
674.338
147.471
54.262
910.418
398.321
42.52
474.675
630.248
301.571
577.438
438.098
522.492
13.378
691.428
95.468
870.754
729.117
186.889
243.108
403.476
804.951
935.695
37.397
773.164
694.131
581.695
159.867
899.133
217.708
189.09
761.427
759.052
914.47
838.371
86.482
637.66
645.066
6.975
409.011
717.746
569.627
499.476
